1678058046576 0.001090909090909091 0
1678058191308 0.001090909090909091 0
1678059094131 0.001090909090909091 0
1678059094295 0.001090909090909091 0
1678059096471 0.001090909090909091 0
1678059155969 0.001090909090909091 0
1678059186045 0.001090909090909091 0
1678114479002 0.001090909090909091 0
1678114659900 0.001090909090909091 0
1678142245803 0.001090909090909091 0
1678142245838 0.001090909090909091 0
1678142245870 0.001090909090909091 0
1678142245881 0.001090909090909091 0
1678142245888 0.001090909090909091 0
1678142245905 0.001090909090909091 0
1678142246556 0.001090909090909091 0
1678142246565 0.001090909090909091 0
1678142246579 0.001090909090909091 0
1678142246592 0.001090909090909091 0
1678142246601 0.001090909090909091 0
1678142246612 0.001090909090909091 0
1678142246646 0.001090909090909091 0
1678142248524 0.001090909090909091 0
1678142250572 0.001090909090909091 0
1678142250633 0.001090909090909091 0
1678142250705 0.001090909090909091 0
1678142250880 0.001090909090909091 0
1678142252971 0.001090909090909091 0
1678142256843 0.001090909090909091 0
1678142257017 0.001090909090909091 0
1678142259222 0.001090909090909091 0
1678142259223 0.001090909090909091 0
1678142259226 0.001090909090909091 0
1678142259285 0.001090909090909091 0
1678142259271 0.001090909090909091 0
1678142260343 0.001090909090909091 0
1678142260434 0.001090909090909091 0
1678142260470 0.001090909090909091 0
1678142260480 0.001090909090909091 0
1678142260638 0.001090909090909091 0
1678142260717 0.001090909090909091 0
1678142260718 0.001090909090909091 0
1678142261374 0.001090909090909091 0
1678142271231 0.001090909090909091 0
1678142287432 0.001090909090909091 0
1678142319345 0.001090909090909091 0
1678142331687 0.001090909090909091 0
1678142545835 0.001090909090909091 0
1678142545987 0.001090909090909091 0
1678142546013 0.001090909090909091 0
1678142546022 0.001090909090909091 0
1678142546057 0.001090909090909091 0
1678142546091 0.001090909090909091 0
1678142546100 0.001090909090909091 0
1678142546133 0.001090909090909091 0
1678142546140 0.001090909090909091 0
1678142546145 0.001090909090909091 0
1678142546142 0.001090909090909091 0
1678142546148 0.001090909090909091 0
1678142546180 0.001090909090909091 0
1678142546185 0.001090909090909091 0
1678142546228 0.001090909090909091 0
1678142546308 0.001090909090909091 0
1678142546307 0.001090909090909091 0
1678142546355 0.001090909090909091 0
1678142546362 0.001090909090909091 0
1678142546591 0.001090909090909091 0
1678142546643 0.001090909090909091 0
1678142546646 0.001090909090909091 0
1678142546650 0.001090909090909091 0
1678142546669 0.001090909090909091 0
1678142546728 0.001090909090909091 0
1678142546780 0.001090909090909091 0
1678142546793 0.001090909090909091 0
1678142546934 0.001090909090909091 0
1678142546949 0.001090909090909091 0
1678142547047 0.001090909090909091 0
1678142547066 0.001090909090909091 0
1678142547354 0.001090909090909091 0
1678142547609 0.001090909090909091 0
1678142547833 0.001090909090909091 0
1678142547838 0.001090909090909091 0
1678142548285 0.001090909090909091 0
1678142548676 0.001090909090909091 0
1678142548810 0.001090909090909091 0
1678142548847 0.001090909090909091 0
1678142548896 0.001090909090909091 0
1678142549887 0.001090909090909091 0
1678142549928 0.001090909090909091 0
1678142550664 0.001090909090909091 0
1678142551588 0.001090909090909091 0
1678142551748 0.001090909090909091 0
1678142551751 0.001090909090909091 0
1678142552137 0.001090909090909091 0
1678142552488 0.001090909090909091 0
1678142556458 0.001090909090909091 0
1678142557191 0.001090909090909091 0
1678142569876 0.001090909090909091 0
1678142569919 0.001090909090909091 0
1678142569926 0.001090909090909091 0
1678142569998 0.001090909090909091 0
1678142570010 0.001090909090909091 0
1678142570226 0.001090909090909091 0
1678142570316 0.001090909090909091 0
1678142570356 0.001090909090909091 0
1678142570551 0.001090909090909091 0
1678142570653 0.001090909090909091 0
1678142570666 0.001090909090909091 0
1678142570686 0.001090909090909091 0
1678142570734 0.001090909090909091 0
1678142571251 0.001090909090909091 0
1678142571751 0.001090909090909091 0
1678142576529 0.001090909090909091 0
1678142581615 0.001090909090909091 0
1678142677261 0.001090909090909091 0
1678142764901 0.001090909090909091 0
1678142848956 0.001090909090909091 0
1678142848989 0.001090909090909091 0
1678142849219 0.001090909090909091 0
1678142849403 0.001090909090909091 0
1678142849475 0.001090909090909091 0
1678142849594 0.001090909090909091 0
1678142849942 0.001090909090909091 0
1678142850080 0.001090909090909091 0
1678142850116 0.001090909090909091 0
1678142850134 0.001090909090909091 0
1678142850159 0.001090909090909091 0
1678142850175 0.001090909090909091 0
1678142850209 0.001090909090909091 0
1678142850223 0.001090909090909091 0
1678142850251 0.001090909090909091 0
1678142850255 0.001090909090909091 0
1678142850287 0.001090909090909091 0
1678142850291 0.001090909090909091 0
1678142850303 0.001090909090909091 0
1678142850343 0.001090909090909091 0
1678142850409 0.001090909090909091 0
1678142850422 0.001090909090909091 0
1678142850436 0.001090909090909091 0
1678142850442 0.001090909090909091 0
1678142850490 0.001090909090909091 0
1678142850709 0.001090909090909091 0
1678142850741 0.001090909090909091 0
1678142850773 0.001090909090909091 0
1678142850829 0.001090909090909091 0
1678142850948 0.001090909090909091 0
1678142850949 0.001090909090909091 0
1678142850985 0.001090909090909091 0
1678142850990 0.001090909090909091 0
1678142851065 0.001090909090909091 0
1678142851111 0.001090909090909091 0
1678142851283 0.001090909090909091 0
1678142851319 0.001090909090909091 0
1678142851382 0.001090909090909091 0
1678142851389 0.001090909090909091 0
1678142851402 0.001090909090909091 0
1678142851413 0.001090909090909091 0
1678142851467 0.001090909090909091 0
1678142851491 0.001090909090909091 0
1678142851519 0.001090909090909091 0
1678142851598 0.001090909090909091 0
1678142851766 0.001090909090909091 0
1678142851815 0.001090909090909091 0
1678142851904 0.001090909090909091 0
1678142852021 0.001090909090909091 0
1678142852249 0.001090909090909091 0
1678142852253 0.001090909090909091 0
1678142852346 0.001090909090909091 0
1678142852413 0.001090909090909091 0
1678142852634 0.001090909090909091 0
1678142852651 0.001090909090909091 0
1678142852868 0.001090909090909091 0
1678142853480 0.001090909090909091 0
1678142854311 0.001090909090909091 0
1678142855216 0.001090909090909091 0
1678142855530 0.001090909090909091 0
1678142855744 0.001090909090909091 0
1678142855855 0.001090909090909091 0
1678142856433 0.001090909090909091 0
1678142858888 0.001090909090909091 0
1678142859452 0.001090909090909091 0
1678142860249 0.001090909090909091 0
1678142860681 0.001090909090909091 0
1678142862399 0.001090909090909091 0
1678142925539 0.001090909090909091 0
1678143146250 0.001090909090909091 0
1678143146579 0.001090909090909091 0
1678143146599 0.001090909090909091 0
1678143146668 0.001090909090909091 0
1678143146735 0.001090909090909091 0
1678143146764 0.001090909090909091 0
1678143146764 0.001090909090909091 0
1678143146773 0.001090909090909091 0
1678143146793 0.001090909090909091 0
1678143146807 0.001090909090909091 0
1678143146846 0.001090909090909091 0
1678143146945 0.001090909090909091 0
1678143146957 0.001090909090909091 0
1678143146998 0.001090909090909091 0
1678143147019 0.001090909090909091 0
1678143147019 0.001090909090909091 0
1678143147093 0.001090909090909091 0
1678143147104 0.001090909090909091 0
1678143147113 0.001090909090909091 0
1678143147237 0.001090909090909091 0
1678143147243 0.001090909090909091 0
1678143147263 0.001090909090909091 0
1678143147278 0.001090909090909091 0
1678143147370 0.001090909090909091 0
1678143147376 0.001090909090909091 0
1678143147408 0.001090909090909091 0
1678143147414 0.001090909090909091 0
1678143147436 0.001090909090909091 0
1678143147442 0.001090909090909091 0
1678143147490 0.001090909090909091 0
1678143147511 0.001090909090909091 0
1678143147567 0.001090909090909091 0
1678143147596 0.001090909090909091 0
1678143147723 0.001090909090909091 0
1678143147730 0.001090909090909091 0
1678143147927 0.001090909090909091 0
1678143147983 0.001090909090909091 0
1678143147997 0.001090909090909091 0
1678143148019 0.001090909090909091 0
1678143148176 0.001090909090909091 0
1678143148394 0.001090909090909091 0
1678143148460 0.001090909090909091 0
1678143148480 0.001090909090909091 0
1678143148509 0.001090909090909091 0
1678143148518 0.001090909090909091 0
1678143148593 0.001090909090909091 0
1678143148633 0.001090909090909091 0
1678143148832 0.001090909090909091 0
1678143148842 0.001090909090909091 0
1678143148863 0.001090909090909091 0
1678143149249 0.001090909090909091 0
1678143149477 0.001090909090909091 0
1678143150386 0.001090909090909091 0
1678143150397 0.001090909090909091 0
1678143150524 0.001090909090909091 0
1678143150917 0.001090909090909091 0
1678143153725 0.001090909090909091 0
1678143157885 0.001090909090909091 0
1678143165546 0.001090909090909091 0
1678143165548 0.001090909090909091 0
1678143166827 0.001090909090909091 0
1678143173925 0.001090909090909091 0
1678143237968 0.001090909090909091 0
1678143365244 0.001090909090909091 0
1678143446871 0.001090909090909091 0
1678143447221 0.001090909090909091 0
1678143447469 0.001090909090909091 0
1678143447549 0.001090909090909091 0
1678143447688 0.001090909090909091 0
1678143447808 0.001090909090909091 0
1678143447833 0.001090909090909091 0
1678143447854 0.001090909090909091 0
1678143447876 0.001090909090909091 0
1678143447979 0.001090909090909091 0
1678143448099 0.001090909090909091 0
1678143448098 0.001090909090909091 0
1678143448144 0.001090909090909091 0
1678143448160 0.001090909090909091 0
1678143448170 0.001090909090909091 0
1678143448170 0.001090909090909091 0
1678143448199 0.001090909090909091 0
1678143448198 0.001090909090909091 0
1678143448209 0.001090909090909091 0
1678143448215 0.001090909090909091 0
1678143448242 0.001090909090909091 0
1678143448273 0.001090909090909091 0
1678143448295 0.001090909090909091 0
1678143448317 0.001090909090909091 0
1678143448329 0.001090909090909091 0
1678143448335 0.001090909090909091 0
1678143448412 0.001090909090909091 0
1678143448425 0.001090909090909091 0
1678143448433 0.001090909090909091 0
1678143448446 0.001090909090909091 0
1678143448455 0.001090909090909091 0
1678143448466 0.001090909090909091 0
1678143448483 0.001090909090909091 0
1678143448492 0.001090909090909091 0
1678143448503 0.001090909090909091 0
1678143448561 0.001090909090909091 0
1678143448616 0.001090909090909091 0
1678143448741 0.001090909090909091 0
1678143448745 0.001090909090909091 0
1678143448754 0.001090909090909091 0
1678143448860 0.001090909090909091 0
1678143448909 0.001090909090909091 0
1678143448914 0.001090909090909091 0
1678143448937 0.001090909090909091 0
1678143449018 0.001090909090909091 0
1678143449166 0.001090909090909091 0
1678143449174 0.001090909090909091 0
1678143449187 0.001090909090909091 0
1678143449292 0.001090909090909091 0
1678143449376 0.001090909090909091 0
1678143449390 0.001090909090909091 0
1678143449528 0.001090909090909091 0
1678143449535 0.001090909090909091 0
1678143449624 0.001090909090909091 0
1678143449682 0.001090909090909091 0
1678143449853 0.001090909090909091 0
1678143450014 0.001090909090909091 0
1678143450158 0.001090909090909091 0
1678143450305 0.001090909090909091 0
1678143450640 0.001090909090909091 0
1678143450855 0.001090909090909091 0
1678143451168 0.001090909090909091 0
1678143451420 0.001090909090909091 0
1678143451520 0.001090909090909091 0
1678143451708 0.001090909090909091 0
1678143452490 0.001090909090909091 0
1678143454230 0.001090909090909091 0
1678143469774 0.001090909090909091 0
1678143474178 0.001090909090909091 0
1678143515177 0.001090909090909091 0
1678143570663 0.001090909090909091 0
1678143571138 0.001090909090909091 0
1678143711036 0.001090909090909091 0
1678143748043 0.001090909090909091 0
1678143748082 0.001090909090909091 0
1678143748082 0.001090909090909091 0
1678143748112 0.001090909090909091 0
1678143748148 0.001090909090909091 0
1678143748176 0.001090909090909091 0
1678143748189 0.001090909090909091 0
1678143748199 0.001090909090909091 0
1678143748212 0.001090909090909091 0
1678143748222 0.001090909090909091 0
1678143748289 0.001090909090909091 0
1678143748344 0.001090909090909091 0
1678143748349 0.001090909090909091 0
1678143748356 0.001090909090909091 0
1678143748357 0.001090909090909091 0
1678143748361 0.001090909090909091 0
1678143748372 0.001090909090909091 0
1678143748411 0.001090909090909091 0
1678143748416 0.001090909090909091 0
1678143748418 0.001090909090909091 0
1678143748469 0.001090909090909091 0
1678143748489 0.001090909090909091 0
1678143748492 0.001090909090909091 0
1678143748627 0.001090909090909091 0
1678143748695 0.001090909090909091 0
1678143748766 0.001090909090909091 0
1678143748828 0.001090909090909091 0
1678143748881 0.001090909090909091 0
1678143748923 0.001090909090909091 0
1678143749014 0.001090909090909091 0
1678143749017 0.001090909090909091 0
1678143749050 0.001090909090909091 0
1678143749079 0.001090909090909091 0
1678143749112 0.001090909090909091 0
1678143749301 0.001090909090909091 0
1678143749320 0.001090909090909091 0
1678143749335 0.001090909090909091 0
1678143749379 0.001090909090909091 0
1678143749394 0.001090909090909091 0
1678143749441 0.001090909090909091 0
1678143749474 0.001090909090909091 0
1678143749513 0.001090909090909091 0
1678143749602 0.001090909090909091 0
1678143749703 0.001090909090909091 0
1678143749896 0.001090909090909091 0
1678143750266 0.001090909090909091 0
1678143750327 0.001090909090909091 0
1678143750606 0.001090909090909091 0
1678143750695 0.001090909090909091 0
1678143750746 0.001090909090909091 0
1678143750776 0.001090909090909091 0
1678143750816 0.001090909090909091 0
1678143751037 0.001090909090909091 0
1678143751146 0.001090909090909091 0
1678143751269 0.001090909090909091 0
1678143751929 0.001090909090909091 0
1678143752442 0.001090909090909091 0
1678143752721 0.001090909090909091 0
1678143754592 0.001090909090909091 0
1678143756505 0.001090909090909091 0
1678143756954 0.001090909090909091 0
1678143770908 0.001090909090909091 0
1678143773537 0.001090909090909091 0
1678143776720 0.001090909090909091 0
1678143786486 0.001090909090909091 0
1678143860939 0.001090909090909091 0
1678143919117 0.001090909090909091 0
1678144049400 0.001090909090909091 0
1678144049442 0.001090909090909091 0
1678144049521 0.001090909090909091 0
1678144049597 0.001090909090909091 0
1678144049639 0.001090909090909091 0
1678144049659 0.001090909090909091 0
1678144049670 0.001090909090909091 0
1678144049703 0.001090909090909091 0
1678144049729 0.001090909090909091 0
1678144049735 0.001090909090909091 0
1678144049762 0.001090909090909091 0
1678144049790 0.001090909090909091 0
1678144049813 0.001090909090909091 0
1678144049815 0.001090909090909091 0
1678144049849 0.001090909090909091 0
1678144049902 0.001090909090909091 0
1678144049908 0.001090909090909091 0
1678144049921 0.001090909090909091 0
1678144049927 0.001090909090909091 0
1678144049924 0.001090909090909091 0
1678144049927 0.001090909090909091 0
1678144049937 0.001090909090909091 0
1678144049941 0.001090909090909091 0
1678144049949 0.001090909090909091 0
1678144050162 0.001090909090909091 0
1678144050254 0.001090909090909091 0
1678144050326 0.001090909090909091 0
1678144050386 0.001090909090909091 0
1678144050563 0.001090909090909091 0
1678144050652 0.001090909090909091 0
1678144050806 0.001090909090909091 0
1678144050946 0.001090909090909091 0
1678144051000 0.001090909090909091 0
1678144051190 0.001090909090909091 0
1678144051478 0.001090909090909091 0
1678144051499 0.001090909090909091 0
1678144051537 0.001090909090909091 0
1678144051552 0.001090909090909091 0
1678144052215 0.001090909090909091 0
1678144052268 0.001090909090909091 0
1678144052335 0.001090909090909091 0
1678144052499 0.001090909090909091 0
1678144053540 0.001090909090909091 0
1678144054181 0.001090909090909091 0
1678144054465 0.001090909090909091 0
1678144056099 0.001090909090909091 0
1678144109399 0.001090909090909091 0
1678144347887 0.001090909090909091 0
1678144348038 0.001090909090909091 0
1678144348097 0.001090909090909091 0
1678144348102 0.001090909090909091 0
1678144348112 0.001090909090909091 0
1678144348119 0.001090909090909091 0
1678144348133 0.001090909090909091 0
1678144348175 0.001090909090909091 0
1678144348176 0.001090909090909091 0
1678144348193 0.001090909090909091 0
1678144348196 0.001090909090909091 0
1678144348198 0.001090909090909091 0
1678144348247 0.001090909090909091 0
1678144348263 0.001090909090909091 0
1678144348303 0.001090909090909091 0
1678144348415 0.001090909090909091 0
1678144348419 0.001090909090909091 0
1678144348424 0.001090909090909091 0
1678144348430 0.001090909090909091 0
1678144348450 0.001090909090909091 0
1678144348461 0.001090909090909091 0
1678144348463 0.001090909090909091 0
1678144348466 0.001090909090909091 0
1678144348483 0.001090909090909091 0
1678144348591 0.001090909090909091 0
1678144348718 0.001090909090909091 0
1678144348749 0.001090909090909091 0
1678144348757 0.001090909090909091 0
1678144348771 0.001090909090909091 0
1678144348773 0.001090909090909091 0
1678144348789 0.001090909090909091 0
1678144348856 0.001090909090909091 0
1678144348924 0.001090909090909091 0
1678144348926 0.001090909090909091 0
1678144348986 0.001090909090909091 0
1678144348986 0.001090909090909091 0
1678144349100 0.001090909090909091 0
1678144349252 0.001090909090909091 0
1678144349259 0.001090909090909091 0
1678144349334 0.001090909090909091 0
1678144349340 0.001090909090909091 0
1678144349626 0.001090909090909091 0
1678144349730 0.001090909090909091 0
1678144350011 0.001090909090909091 0
1678144350111 0.001090909090909091 0
1678144350152 0.001090909090909091 0
1678144350264 0.001090909090909091 0
1678144350489 0.001090909090909091 0
1678144350953 0.001090909090909091 0
1678144351191 0.001090909090909091 0
1678144351327 0.001090909090909091 0
1678144351569 0.001090909090909091 0
1678144351611 0.001090909090909091 0
1678144351818 0.001090909090909091 0
1678144351856 0.001090909090909091 0
1678144354168 0.001090909090909091 0
1678144355176 0.001090909090909091 0
1678144356050 0.001090909090909091 0
1678144356569 0.001090909090909091 0
1678144362102 0.001090909090909091 0
1678144366566 0.001090909090909091 0
1678144366670 0.001090909090909091 0
1678144379065 0.001090909090909091 0
1678144392648 0.001090909090909091 0
1678144496178 0.001090909090909091 0
1678144510462 0.001090909090909091 0
1678144552592 0.001090909090909091 0
1678144650765 0.001090909090909091 0
1678144650812 0.001090909090909091 0
1678144650854 0.001090909090909091 0
1678144650896 0.001090909090909091 0
1678144650898 0.001090909090909091 0
1678144650910 0.001090909090909091 0
1678144650930 0.001090909090909091 0
1678144650957 0.001090909090909091 0
1678144650973 0.001090909090909091 0
1678144650975 0.001090909090909091 0
1678144650996 0.001090909090909091 0
1678144651017 0.001090909090909091 0
1678144651028 0.001090909090909091 0
1678144651035 0.001090909090909091 0
1678144651047 0.001090909090909091 0
1678144651048 0.001090909090909091 0
1678144651057 0.001090909090909091 0
1678144651067 0.001090909090909091 0
1678144651090 0.001090909090909091 0
1678144651091 0.001090909090909091 0
1678144651092 0.001090909090909091 0
1678144651096 0.001090909090909091 0
1678144651169 0.001090909090909091 0
1678144651172 0.001090909090909091 0
1678144651188 0.001090909090909091 0
1678144651198 0.001090909090909091 0
1678144651210 0.001090909090909091 0
1678144651357 0.001090909090909091 0
1678144651438 0.001090909090909091 0
1678144651541 0.001090909090909091 0
1678144651587 0.001090909090909091 0
1678144651589 0.001090909090909091 0
1678144651593 0.001090909090909091 0
1678144651735 0.001090909090909091 0
1678144651767 0.001090909090909091 0
1678144651891 0.001090909090909091 0
1678144651941 0.001090909090909091 0
1678144652039 0.001090909090909091 0
1678144652085 0.001090909090909091 0
1678144652093 0.001090909090909091 0
1678144652148 0.001090909090909091 0
1678144652240 0.001090909090909091 0
1678144652463 0.001090909090909091 0
1678144652505 0.001090909090909091 0
1678144652646 0.001090909090909091 0
1678144652912 0.001090909090909091 0
1678144652955 0.001090909090909091 0
1678144653013 0.001090909090909091 0
1678144653073 0.001090909090909091 0
1678144653188 0.001090909090909091 0
1678144653287 0.001090909090909091 0
1678144653732 0.001090909090909091 0
1678144654094 0.001090909090909091 0
1678144654123 0.001090909090909091 0
1678144654287 0.001090909090909091 0
1678144654485 0.001090909090909091 0
1678144654527 0.001090909090909091 0
1678144654529 0.001090909090909091 0
1678144655418 0.001090909090909091 0
1678144659192 0.001090909090909091 0
1678144668646 0.001090909090909091 0
1678144674844 0.001090909090909091 0
1678144753420 0.001090909090909091 0
1678144770610 0.001090909090909091 0
1678144774393 0.001090909090909091 0
1678144805786 0.001090909090909091 0
1678144948714 0.001090909090909091 0
1678144948760 0.001090909090909091 0
1678144948815 0.001090909090909091 0
1678144948835 0.001090909090909091 0
1678144948870 0.001090909090909091 0
1678144948893 0.001090909090909091 0
1678144948897 0.001090909090909091 0
1678144948900 0.001090909090909091 0
1678144948910 0.001090909090909091 0
1678144948995 0.001090909090909091 0
1678144949001 0.001090909090909091 0
1678144949036 0.001090909090909091 0
1678144949046 0.001090909090909091 0
1678144949072 0.001090909090909091 0
1678144949077 0.001090909090909091 0
1678144949103 0.001090909090909091 0
1678144949105 0.001090909090909091 0
1678144949127 0.001090909090909091 0
1678144949138 0.001090909090909091 0
1678144949176 0.001090909090909091 0
1678144949219 0.001090909090909091 0
1678144949295 0.001090909090909091 0
1678144949301 0.001090909090909091 0
1678144949335 0.001090909090909091 0
1678144949356 0.001090909090909091 0
1678144949360 0.001090909090909091 0
1678144949388 0.001090909090909091 0
1678144949389 0.001090909090909091 0
1678144949409 0.001090909090909091 0
1678144949461 0.001090909090909091 0
1678144949505 0.001090909090909091 0
1678144949517 0.001090909090909091 0
1678144949596 0.001090909090909091 0
1678144949635 0.001090909090909091 0
1678144949657 0.001090909090909091 0
1678144949700 0.001090909090909091 0
1678144949728 0.001090909090909091 0
1678144949765 0.001090909090909091 0
1678144949769 0.001090909090909091 0
1678144949821 0.001090909090909091 0
1678144950001 0.001090909090909091 0
1678144950172 0.001090909090909091 0
1678144950173 0.001090909090909091 0
1678144950309 0.001090909090909091 0
1678144950418 0.001090909090909091 0
1678144950619 0.001090909090909091 0
1678144950709 0.001090909090909091 0
1678144950718 0.001090909090909091 0
1678144950732 0.001090909090909091 0
1678144951068 0.001090909090909091 0
1678144951102 0.001090909090909091 0
1678144951274 0.001090909090909091 0
1678144951591 0.001090909090909091 0
1678144951636 0.001090909090909091 0
1678144951729 0.001090909090909091 0
1678144952349 0.001090909090909091 0
1678144952691 0.001090909090909091 0
1678144952751 0.001090909090909091 0
1678144953750 0.001090909090909091 0
1678144955563 0.001090909090909091 0
1678144964187 0.001090909090909091 0
1678144970696 0.001090909090909091 0
1678144971752 0.001090909090909091 0
1678144973787 0.001090909090909091 0
1678144978119 0.001090909090909091 0
1678145010711 0.001090909090909091 0
1678145107714 0.001090909090909091 0
1678145249030 0.001090909090909091 0
1678145249148 0.001090909090909091 0
1678145249194 0.001090909090909091 0
1678145249235 0.001090909090909091 0
1678145249297 0.001090909090909091 0
1678145249323 0.001090909090909091 0
1678145249329 0.001090909090909091 0
1678145249395 0.001090909090909091 0
1678145249412 0.001090909090909091 0
1678145249418 0.001090909090909091 0
1678145249422 0.001090909090909091 0
1678145249448 0.001090909090909091 0
1678145249456 0.001090909090909091 0
1678145249462 0.001090909090909091 0
1678145249462 0.001090909090909091 0
1678145249480 0.001090909090909091 0
1678145249525 0.001090909090909091 0
1678145249537 0.001090909090909091 0
1678145249581 0.001090909090909091 0
1678145249605 0.001090909090909091 0
1678145249637 0.001090909090909091 0
1678145249653 0.001090909090909091 0
1678145249670 0.001090909090909091 0
1678145249763 0.001090909090909091 0
1678145249783 0.001090909090909091 0
1678145249816 0.001090909090909091 0
1678145249824 0.001090909090909091 0
1678145249828 0.001090909090909091 0
1678145249890 0.001090909090909091 0
1678145249903 0.001090909090909091 0
1678145249965 0.001090909090909091 0
1678145249984 0.001090909090909091 0
1678145250172 0.001090909090909091 0
1678145250416 0.001090909090909091 0
1678145250450 0.001090909090909091 0
1678145250530 0.001090909090909091 0
1678145250619 0.001090909090909091 0
1678145250626 0.001090909090909091 0
1678145250651 0.001090909090909091 0
1678145250659 0.001090909090909091 0
1678145250692 0.001090909090909091 0
1678145250827 0.001090909090909091 0
1678145250915 0.001090909090909091 0
1678145250983 0.001090909090909091 0
1678145251070 0.001090909090909091 0
1678145251228 0.001090909090909091 0
1678145251330 0.001090909090909091 0
1678145251785 0.001090909090909091 0
1678145251856 0.001090909090909091 0
1678145251930 0.001090909090909091 0
1678145252769 0.001090909090909091 0
1678145252969 0.001090909090909091 0
1678145253728 0.001090909090909091 0
1678145253866 0.001090909090909091 0
1678145254663 0.001090909090909091 0
1678145254668 0.001090909090909091 0
1678145254718 0.001090909090909091 0
1678145254779 0.001090909090909091 0
1678145254853 0.001090909090909091 0
1678145255971 0.001090909090909091 0
1678145256382 0.001090909090909091 0
1678145257135 0.001090909090909091 0
1678145260023 0.001090909090909091 0
1678145263205 0.001090909090909091 0
1678145278721 0.001090909090909091 0
1678145278950 0.001090909090909091 0
1678145284212 0.001090909090909091 0
1678145304875 0.001090909090909091 0
1678145315626 0.001090909090909091 0
1678145358595 0.001090909090909091 0
1678145551880 0.001090909090909091 0
1678145552048 0.001090909090909091 0
1678145552242 0.001090909090909091 0
1678145552278 0.001090909090909091 0
1678145552295 0.001090909090909091 0
1678145552315 0.001090909090909091 0
1678145552549 0.001090909090909091 0
1678145552770 0.001090909090909091 0
1678145552851 0.001090909090909091 0
1678145553116 0.001090909090909091 0
1678145553217 0.001090909090909091 0
1678145553234 0.001090909090909091 0
1678145553245 0.001090909090909091 0
1678145553247 0.001090909090909091 0
1678145553329 0.001090909090909091 0
1678145553372 0.001090909090909091 0
1678145553446 0.001090909090909091 0
1678145553486 0.001090909090909091 0
1678145553496 0.001090909090909091 0
1678145553501 0.001090909090909091 0
1678145553514 0.001090909090909091 0
1678145553518 0.001090909090909091 0
1678145553522 0.001090909090909091 0
1678145553550 0.001090909090909091 0
1678145553594 0.001090909090909091 0
1678145553677 0.001090909090909091 0
1678145553701 0.001090909090909091 0
1678145553721 0.001090909090909091 0
1678145553735 0.001090909090909091 0
1678145553738 0.001090909090909091 0
1678145553815 0.001090909090909091 0
1678145553829 0.001090909090909091 0
1678145553827 0.001090909090909091 0
1678145553871 0.001090909090909091 0
1678145553911 0.001090909090909091 0
1678145553961 0.001090909090909091 0
1678145553970 0.001090909090909091 0
1678145554003 0.001090909090909091 0
1678145554013 0.001090909090909091 0
1678145554045 0.001090909090909091 0
1678145554064 0.001090909090909091 0
1678145554065 0.001090909090909091 0
1678145554085 0.001090909090909091 0
1678145554141 0.001090909090909091 0
1678145554172 0.001090909090909091 0
1678145554295 0.001090909090909091 0
1678145554407 0.001090909090909091 0
1678145554419 0.001090909090909091 0
1678145554439 0.001090909090909091 0
1678145554470 0.001090909090909091 0
1678145554481 0.001090909090909091 0
1678145554710 0.001090909090909091 0
1678145554741 0.001090909090909091 0
1678145555060 0.001090909090909091 0
1678145555172 0.001090909090909091 0
1678145555281 0.001090909090909091 0
1678145555284 0.001090909090909091 0
1678145555363 0.001090909090909091 0
1678145555711 0.001090909090909091 0
1678145555934 0.001090909090909091 0
1678145555983 0.001090909090909091 0
1678145556212 0.001090909090909091 0
1678145556945 0.001090909090909091 0
1678145557004 0.001090909090909091 0
1678145557918 0.001090909090909091 0
1678145559049 0.001090909090909091 0
1678145561181 0.001090909090909091 0
1678145563775 0.001090909090909091 0
1678145566773 0.001090909090909091 0
1678145567105 0.001090909090909091 0
1678145569506 0.001090909090909091 0
1678145590181 0.001090909090909091 0
1678145659633 0.001090909090909091 0
1678145849956 0.001090909090909091 0
1678145850233 0.001090909090909091 0
1678145850239 0.001090909090909091 0
1678145850438 0.001090909090909091 0
1678145850452 0.001090909090909091 0
1678145850455 0.001090909090909091 0
1678145850455 0.001090909090909091 0
1678145850458 0.001090909090909091 0
1678145850467 0.001090909090909091 0
1678145850469 0.001090909090909091 0
1678145850467 0.001090909090909091 0
1678145850472 0.001090909090909091 0
1678145850475 0.001090909090909091 0
1678145850477 0.001090909090909091 0
1678145850480 0.001090909090909091 0
1678145850484 0.001090909090909091 0
1678145850490 0.001090909090909091 0
1678145850504 0.001090909090909091 0
1678145850516 0.001090909090909091 0
1678145850538 0.001090909090909091 0
1678145850542 0.001090909090909091 0
1678145850559 0.001090909090909091 0
1678145850614 0.001090909090909091 0
1678145850630 0.001090909090909091 0
1678145850647 0.001090909090909091 0
1678145850647 0.001090909090909091 0
1678145850685 0.001090909090909091 0
1678145850701 0.001090909090909091 0
1678145850732 0.001090909090909091 0
1678145850734 0.001090909090909091 0
1678145850786 0.001090909090909091 0
1678145850794 0.001090909090909091 0
1678145850948 0.001090909090909091 0
1678145851022 0.001090909090909091 0
1678145851121 0.001090909090909091 0
1678145851130 0.001090909090909091 0
1678145851150 0.001090909090909091 0
1678145851202 0.001090909090909091 0
1678145851271 0.001090909090909091 0
1678145851309 0.001090909090909091 0
1678145851321 0.001090909090909091 0
1678145851414 0.001090909090909091 0
1678145851549 0.001090909090909091 0
1678145851759 0.001090909090909091 0
1678145852124 0.001090909090909091 0
1678145852305 0.001090909090909091 0
1678145852386 0.001090909090909091 0
1678145852643 0.001090909090909091 0
1678145853031 0.001090909090909091 0
1678145853052 0.001090909090909091 0
1678145853070 0.001090909090909091 0
1678145854092 0.001090909090909091 0
1678145854273 0.001090909090909091 0
1678145854404 0.001090909090909091 0
1678145854427 0.001090909090909091 0
1678145854688 0.001090909090909091 0
1678145854848 0.001090909090909091 0
1678145855546 0.001090909090909091 0
1678145855753 0.001090909090909091 0
1678145861010 0.001090909090909091 0
1678145861415 0.001090909090909091 0
1678145861475 0.001090909090909091 0
1678145865975 0.001090909090909091 0
1678145867746 0.001090909090909091 0
1678145868651 0.001090909090909091 0
1678145876457 0.001090909090909091 0
1678145911838 0.001090909090909091 0
1678145920501 0.001090909090909091 0
1678145999593 0.001090909090909091 0
1678146069985 0.001090909090909091 0
1678146150625 0.001090909090909091 0
1678146150666 0.001090909090909091 0
1678146150670 0.001090909090909091 0
1678146150738 0.001090909090909091 0
1678146150874 0.001090909090909091 0
1678146151089 0.001090909090909091 0
1678146151092 0.001090909090909091 0
1678146151115 0.001090909090909091 0
1678146151188 0.001090909090909091 0
1678146151195 0.001090909090909091 0
1678146151239 0.001090909090909091 0
1678146151249 0.001090909090909091 0
1678146151260 0.001090909090909091 0
1678146151263 0.001090909090909091 0
1678146151272 0.001090909090909091 0
1678146151290 0.001090909090909091 0
1678146151298 0.001090909090909091 0
1678146151306 0.001090909090909091 0
1678146151307 0.001090909090909091 0
1678146151312 0.001090909090909091 0
1678146151338 0.001090909090909091 0
1678146151387 0.001090909090909091 0
1678146151391 0.001090909090909091 0
1678146151407 0.001090909090909091 0
1678146151420 0.001090909090909091 0
1678146151591 0.001090909090909091 0
1678146151649 0.001090909090909091 0
1678146151669 0.001090909090909091 0
1678146151734 0.001090909090909091 0
1678146151766 0.001090909090909091 0
1678146151781 0.001090909090909091 0
1678146151822 0.001090909090909091 0
1678146151840 0.001090909090909091 0
1678146151862 0.001090909090909091 0
1678146151974 0.001090909090909091 0
1678146151989 0.001090909090909091 0
1678146152208 0.001090909090909091 0
1678146152266 0.001090909090909091 0
1678146152354 0.001090909090909091 0
1678146152474 0.001090909090909091 0
1678146152551 0.001090909090909091 0
1678146152961 0.001090909090909091 0
1678146153075 0.001090909090909091 0
1678146153103 0.001090909090909091 0
1678146153391 0.001090909090909091 0
1678146153399 0.001090909090909091 0
1678146153437 0.001090909090909091 0
1678146153554 0.001090909090909091 0
1678146153687 0.001090909090909091 0
1678146153769 0.001090909090909091 0
1678146154088 0.001090909090909091 0
1678146154254 0.001090909090909091 0
1678146154337 0.001090909090909091 0
1678146154662 0.001090909090909091 0
1678146154791 0.001090909090909091 0
1678146154813 0.001090909090909091 0
1678146155284 0.001090909090909091 0
1678146155815 0.001090909090909091 0
1678146156817 0.001090909090909091 0
1678146158163 0.001090909090909091 0
1678146162382 0.001090909090909091 0
1678146162416 0.001090909090909091 0
1678146168221 0.001090909090909091 0
1678146169319 0.001090909090909091 0
1678146218924 0.001090909090909091 0
1678146228935 0.001090909090909091 0
1678146290651 0.001090909090909091 0
1678146353862 0.001090909090909091 0
1678146450612 0.001090909090909091 0
1678146450860 0.001090909090909091 0
1678146450897 0.001090909090909091 0
1678146450938 0.001090909090909091 0
1678146450940 0.001090909090909091 0
1678146450954 0.001090909090909091 0
1678146451078 0.001090909090909091 0
1678146451081 0.001090909090909091 0
1678146451100 0.001090909090909091 0
1678146451140 0.001090909090909091 0
1678146451181 0.001090909090909091 0
1678146451191 0.001090909090909091 0
1678146451195 0.001090909090909091 0
1678146451203 0.001090909090909091 0
1678146451225 0.001090909090909091 0
1678146451334 0.001090909090909091 0
1678146451391 0.001090909090909091 0
1678146451403 0.001090909090909091 0
1678146451412 0.001090909090909091 0
1678146451416 0.001090909090909091 0
1678146451425 0.001090909090909091 0
1678146451429 0.001090909090909091 0
1678146451451 0.001090909090909091 0
1678146451448 0.001090909090909091 0
1678146451467 0.001090909090909091 0
1678146451480 0.001090909090909091 0
1678146451491 0.001090909090909091 0
1678146451513 0.001090909090909091 0
1678146451535 0.001090909090909091 0
1678146451551 0.001090909090909091 0
1678146451555 0.001090909090909091 0
1678146451563 0.001090909090909091 0
1678146451567 0.001090909090909091 0
1678146451590 0.001090909090909091 0
1678146451635 0.001090909090909091 0
1678146451643 0.001090909090909091 0
1678146451660 0.001090909090909091 0
1678146451677 0.001090909090909091 0
1678146451683 0.001090909090909091 0
1678146451712 0.001090909090909091 0
1678146451770 0.001090909090909091 0
1678146451778 0.001090909090909091 0
1678146451990 0.001090909090909091 0
1678146452061 0.001090909090909091 0
1678146452118 0.001090909090909091 0
1678146452148 0.001090909090909091 0
1678146452194 0.001090909090909091 0
1678146452226 0.001090909090909091 0
1678146452284 0.001090909090909091 0
1678146452376 0.001090909090909091 0
1678146452565 0.001090909090909091 0
1678146452603 0.001090909090909091 0
1678146452719 0.001090909090909091 0
1678146452796 0.001090909090909091 0
1678146452810 0.001090909090909091 0
1678146452889 0.001090909090909091 0
1678146452947 0.001090909090909091 0
1678146452957 0.001090909090909091 0
1678146453005 0.001090909090909091 0
1678146453262 0.001090909090909091 0
1678146453563 0.001090909090909091 0
1678146453607 0.001090909090909091 0
1678146453845 0.001090909090909091 0
1678146453939 0.001090909090909091 0
1678146454479 0.001090909090909091 0
1678146454831 0.001090909090909091 0
1678146456212 0.001090909090909091 0
1678146456267 0.001090909090909091 0
1678146457469 0.001090909090909091 0
1678146460567 0.001090909090909091 0
1678146465535 0.001090909090909091 0
1678146473031 0.001090909090909091 0
1678146497894 0.001090909090909091 0
1678146499426 0.001090909090909091 0
1678146519834 0.001090909090909091 0
1678146614474 0.001090909090909091 0
1678146751073 0.001090909090909091 0
1678146751139 0.001090909090909091 0
1678146751155 0.001090909090909091 0
1678146751249 0.001090909090909091 0
1678146751261 0.001090909090909091 0
1678146751303 0.001090909090909091 0
1678146751365 0.001090909090909091 0
1678146751368 0.001090909090909091 0
1678146751367 0.001090909090909091 0
1678146751398 0.001090909090909091 0
1678146751508 0.001090909090909091 0
1678146751525 0.001090909090909091 0
1678146751589 0.001090909090909091 0
1678146751647 0.001090909090909091 0
1678146751682 0.001090909090909091 0
1678146751691 0.001090909090909091 0
1678146751707 0.001090909090909091 0
1678146751746 0.001090909090909091 0
1678146751746 0.001090909090909091 0
1678146751755 0.001090909090909091 0
1678146751765 0.001090909090909091 0
1678146751769 0.001090909090909091 0
1678146751792 0.001090909090909091 0
1678146751817 0.001090909090909091 0
1678146751828 0.001090909090909091 0
1678146751833 0.001090909090909091 0
1678146751874 0.001090909090909091 0
1678146751872 0.001090909090909091 0
1678146751870 0.001090909090909091 0
1678146751880 0.001090909090909091 0
1678146751885 0.001090909090909091 0
1678146751909 0.001090909090909091 0
1678146751972 0.001090909090909091 0
1678146751975 0.001090909090909091 0
1678146752007 0.001090909090909091 0
1678146752033 0.001090909090909091 0
1678146752037 0.001090909090909091 0
1678146752119 0.001090909090909091 0
1678146752123 0.001090909090909091 0
1678146752302 0.001090909090909091 0
1678146752386 0.001090909090909091 0
1678146752388 0.001090909090909091 0
1678146752496 0.001090909090909091 0
1678146752690 0.001090909090909091 0
1678146752694 0.001090909090909091 0
1678146752825 0.001090909090909091 0
1678146752833 0.001090909090909091 0
1678146752868 0.001090909090909091 0
1678146752883 0.001090909090909091 0
1678146753065 0.001090909090909091 0
1678146753127 0.001090909090909091 0
1678146753140 0.001090909090909091 0
1678146753148 0.001090909090909091 0
1678146753259 0.001090909090909091 0
1678146753589 0.001090909090909091 0
1678146753657 0.001090909090909091 0
1678146753784 0.001090909090909091 0
1678146753989 0.001090909090909091 0
1678146754231 0.001090909090909091 0
1678146754318 0.001090909090909091 0
1678146754341 0.001090909090909091 0
1678146754496 0.001090909090909091 0
1678146754892 0.001090909090909091 0
1678146756002 0.001090909090909091 0
1678146756432 0.001090909090909091 0
1678146757147 0.001090909090909091 0
1678146757703 0.001090909090909091 0
1678146761508 0.001090909090909091 0
1678146770726 0.001090909090909091 0
1678146775150 0.001090909090909091 0
1678146781269 0.001090909090909091 0
1678146781768 0.001090909090909091 0
1678146808279 0.001090909090909091 0
1678146816785 0.001090909090909091 0
1678147051749 0.001090909090909091 0
1678147051763 0.001090909090909091 0
1678147051822 0.001090909090909091 0
1678147051835 0.001090909090909091 0
1678147051836 0.001090909090909091 0
1678147051868 0.001090909090909091 0
1678147051899 0.001090909090909091 0
1678147051924 0.001090909090909091 0
1678147051927 0.001090909090909091 0
1678147051947 0.001090909090909091 0
1678147051949 0.001090909090909091 0
1678147051979 0.001090909090909091 0
1678147051990 0.001090909090909091 0
1678147051993 0.001090909090909091 0
1678147052009 0.001090909090909091 0
1678147052017 0.001090909090909091 0
1678147052026 0.001090909090909091 0
1678147052036 0.001090909090909091 0
1678147052057 0.001090909090909091 0
1678147052059 0.001090909090909091 0
1678147052059 0.001090909090909091 0
1678147052066 0.001090909090909091 0
1678147052068 0.001090909090909091 0
1678147052097 0.001090909090909091 0
1678147052123 0.001090909090909091 0
1678147052166 0.001090909090909091 0
1678147052169 0.001090909090909091 0
1678147052213 0.001090909090909091 0
1678147052217 0.001090909090909091 0
1678147052232 0.001090909090909091 0
1678147052269 0.001090909090909091 0
1678147052273 0.001090909090909091 0
1678147052354 0.001090909090909091 0
1678147052364 0.001090909090909091 0
1678147052370 0.001090909090909091 0
1678147052374 0.001090909090909091 0
1678147052385 0.001090909090909091 0
1678147052480 0.001090909090909091 0
1678147052480 0.001090909090909091 0
1678147052533 0.001090909090909091 0
1678147052582 0.001090909090909091 0
1678147052628 0.001090909090909091 0
1678147052655 0.001090909090909091 0
1678147052710 0.001090909090909091 0
1678147052781 0.001090909090909091 0
1678147052847 0.001090909090909091 0
1678147052889 0.001090909090909091 0
1678147052980 0.001090909090909091 0
1678147053004 0.001090909090909091 0
1678147053430 0.001090909090909091 0
1678147053436 0.001090909090909091 0
1678147053458 0.001090909090909091 0
1678147053464 0.001090909090909091 0
1678147053518 0.001090909090909091 0
1678147053545 0.001090909090909091 0
1678147053629 0.001090909090909091 0
1678147053897 0.001090909090909091 0
1678147053923 0.001090909090909091 0
1678147053938 0.001090909090909091 0
1678147054155 0.001090909090909091 0
1678147054175 0.001090909090909091 0
1678147054291 0.001090909090909091 0
1678147054375 0.001090909090909091 0
1678147054628 0.001090909090909091 0
1678147055580 0.001090909090909091 0
1678147056301 0.001090909090909091 0
1678147056390 0.001090909090909091 0
1678147062909 0.001090909090909091 0
1678147062924 0.001090909090909091 0
1678147068160 0.001090909090909091 0
1678147080467 0.001090909090909091 0
1678147080829 0.001090909090909091 0
1678147119521 0.001090909090909091 0
1678147119715 0.001090909090909091 0
1678147352336 0.001090909090909091 0
1678147352365 0.001090909090909091 0
1678147352400 0.001090909090909091 0
1678147352400 0.001090909090909091 0
1678147352405 0.001090909090909091 0
1678147352416 0.001090909090909091 0
1678147352426 0.001090909090909091 0
1678147352432 0.001090909090909091 0
1678147352450 0.001090909090909091 0
1678147352481 0.001090909090909091 0
1678147352482 0.001090909090909091 0
1678147352491 0.001090909090909091 0
1678147352494 0.001090909090909091 0
1678147352514 0.001090909090909091 0
1678147352564 0.001090909090909091 0
1678147352568 0.001090909090909091 0
1678147352577 0.001090909090909091 0
1678147352587 0.001090909090909091 0
1678147352591 0.001090909090909091 0
1678147352608 0.001090909090909091 0
1678147352624 0.001090909090909091 0
1678147352630 0.001090909090909091 0
1678147352636 0.001090909090909091 0
1678147352637 0.001090909090909091 0
1678147352643 0.001090909090909091 0
1678147352646 0.001090909090909091 0
1678147352652 0.001090909090909091 0
1678147352672 0.001090909090909091 0
1678147352676 0.001090909090909091 0
1678147352719 0.001090909090909091 0
1678147352778 0.001090909090909091 0
1678147352796 0.001090909090909091 0
1678147352857 0.001090909090909091 0
1678147352939 0.001090909090909091 0
1678147352949 0.001090909090909091 0
1678147352990 0.001090909090909091 0
1678147353066 0.001090909090909091 0
1678147353070 0.001090909090909091 0
1678147353182 0.001090909090909091 0
1678147353190 0.001090909090909091 0
1678147353194 0.001090909090909091 0
1678147353203 0.001090909090909091 0
1678147353205 0.001090909090909091 0
1678147353246 0.001090909090909091 0
1678147353257 0.001090909090909091 0
1678147353440 0.001090909090909091 0
1678147353497 0.001090909090909091 0
1678147353679 0.001090909090909091 0
1678147353780 0.001090909090909091 0
1678147353843 0.001090909090909091 0
1678147354065 0.001090909090909091 0
1678147354222 0.001090909090909091 0
1678147354403 0.001090909090909091 0
1678147354426 0.001090909090909091 0
1678147354468 0.001090909090909091 0
1678147354550 0.001090909090909091 0
1678147354660 0.001090909090909091 0
1678147354754 0.001090909090909091 0
1678147355241 0.001090909090909091 0
1678147355248 0.001090909090909091 0
1678147355410 0.001090909090909091 0
1678147355450 0.001090909090909091 0
1678147355613 0.001090909090909091 0
1678147356973 0.001090909090909091 0
1678147357115 0.001090909090909091 0
1678147357272 0.001090909090909091 0
1678147357301 0.001090909090909091 0
1678147357447 0.001090909090909091 0
1678147358693 0.001090909090909091 0
1678147359212 0.001090909090909091 0
1678147364346 0.001090909090909091 0
1678147367460 0.001090909090909091 0
1678147373468 0.001090909090909091 0
1678147376152 0.001090909090909091 0
1678147385338 0.001090909090909091 0
1678147406362 0.001090909090909091 0
1678147411184 0.001090909090909091 0
1678147652647 0.001090909090909091 0
1678147652668 0.001090909090909091 0
1678147652721 0.001090909090909091 0
1678147652724 0.001090909090909091 0
1678147652723 0.001090909090909091 0
1678147652766 0.001090909090909091 0
1678147652790 0.001090909090909091 0
1678147652801 0.001090909090909091 0
1678147652848 0.001090909090909091 0
1678147652850 0.001090909090909091 0
1678147652854 0.001090909090909091 0
1678147652857 0.001090909090909091 0
1678147652927 0.001090909090909091 0
1678147652940 0.001090909090909091 0
1678147652939 0.001090909090909091 0
1678147652992 0.001090909090909091 0
1678147652998 0.001090909090909091 0
1678147653001 0.001090909090909091 0
1678147653007 0.001090909090909091 0
1678147653012 0.001090909090909091 0
1678147653014 0.001090909090909091 0
1678147653014 0.001090909090909091 0
1678147653032 0.001090909090909091 0
1678147653076 0.001090909090909091 0
1678147653144 0.001090909090909091 0
1678147653203 0.001090909090909091 0
1678147653209 0.001090909090909091 0
1678147653254 0.001090909090909091 0
1678147653268 0.001090909090909091 0
1678147653268 0.001090909090909091 0
1678147653283 0.001090909090909091 0
1678147653304 0.001090909090909091 0
1678147653361 0.001090909090909091 0
1678147653393 0.001090909090909091 0
1678147653461 0.001090909090909091 0
1678147653509 0.001090909090909091 0
1678147653580 0.001090909090909091 0
1678147653629 0.001090909090909091 0
1678147653653 0.001090909090909091 0
1678147653718 0.001090909090909091 0
1678147653823 0.001090909090909091 0
1678147653973 0.001090909090909091 0
1678147654001 0.001090909090909091 0
1678147654140 0.001090909090909091 0
1678147654158 0.001090909090909091 0
1678147654197 0.001090909090909091 0
1678147654200 0.001090909090909091 0
1678147654231 0.001090909090909091 0
1678147654266 0.001090909090909091 0
1678147654319 0.001090909090909091 0
1678147654328 0.001090909090909091 0
1678147654818 0.001090909090909091 0
1678147654844 0.001090909090909091 0
1678147654870 0.001090909090909091 0
1678147655334 0.001090909090909091 0
1678147655844 0.001090909090909091 0
1678147655901 0.001090909090909091 0
1678147656017 0.001090909090909091 0
1678147656852 0.001090909090909091 0
1678147657069 0.001090909090909091 0
1678147657398 0.001090909090909091 0
1678147657667 0.001090909090909091 0
1678147658533 0.001090909090909091 0
1678147658567 0.001090909090909091 0
1678147670323 0.001090909090909091 0
1678147673815 0.001090909090909091 0
1678147674650 0.001090909090909091 0
1678147706968 0.001090909090909091 0
1678147733468 0.001090909090909091 0
1678147860060 0.001090909090909091 0
1678147869537 0.001090909090909091 0
1678147952914 0.001090909090909091 0
1678147952968 0.001090909090909091 0
1678147952998 0.001090909090909091 0
1678147953026 0.001090909090909091 0
1678147953065 0.001090909090909091 0
1678147953098 0.001090909090909091 0
1678147953209 0.001090909090909091 0
1678147953210 0.001090909090909091 0
1678147953204 0.001090909090909091 0
1678147953221 0.001090909090909091 0
1678147953274 0.001090909090909091 0
1678147953274 0.001090909090909091 0
1678147953278 0.001090909090909091 0
1678147953280 0.001090909090909091 0
1678147953285 0.001090909090909091 0
1678147953289 0.001090909090909091 0
1678147953294 0.001090909090909091 0
1678147953319 0.001090909090909091 0
1678147953358 0.001090909090909091 0
1678147953373 0.001090909090909091 0
1678147953419 0.001090909090909091 0
1678147953447 0.001090909090909091 0
1678147953447 0.001090909090909091 0
1678147953465 0.001090909090909091 0
1678147953492 0.001090909090909091 0
1678147953511 0.001090909090909091 0
1678147953540 0.001090909090909091 0
1678147953553 0.001090909090909091 0
1678147953576 0.001090909090909091 0
1678147953592 0.001090909090909091 0
1678147953648 0.001090909090909091 0
1678147953657 0.001090909090909091 0
1678147953674 0.001090909090909091 0
1678147953679 0.001090909090909091 0
1678147953691 0.001090909090909091 0
1678147953703 0.001090909090909091 0
1678147953759 0.001090909090909091 0
1678147953766 0.001090909090909091 0
1678147953790 0.001090909090909091 0
1678147953797 0.001090909090909091 0
1678147953797 0.001090909090909091 0
1678147953813 0.001090909090909091 0
1678147953839 0.001090909090909091 0
1678147953856 0.001090909090909091 0
1678147954062 0.001090909090909091 0
1678147954095 0.001090909090909091 0
1678147954305 0.001090909090909091 0
1678147954328 0.001090909090909091 0
1678147954427 0.001090909090909091 0
1678147954428 0.001090909090909091 0
1678147954561 0.001090909090909091 0
1678147954860 0.001090909090909091 0
1678147954913 0.001090909090909091 0
1678147954937 0.001090909090909091 0
1678147954982 0.001090909090909091 0
1678147955027 0.001090909090909091 0
1678147955199 0.001090909090909091 0
1678147955232 0.001090909090909091 0
1678147955277 0.001090909090909091 0
1678147955310 0.001090909090909091 0
1678147955369 0.001090909090909091 0
1678147955684 0.001090909090909091 0
1678147955753 0.001090909090909091 0
1678147955925 0.001090909090909091 0
1678147955924 0.001090909090909091 0
1678147956239 0.001090909090909091 0
1678147956400 0.001090909090909091 0
1678147957059 0.001090909090909091 0
1678147957861 0.001090909090909091 0
1678147958168 0.001090909090909091 0
1678147958335 0.001090909090909091 0
1678147960017 0.001090909090909091 0
1678147963442 0.001090909090909091 0
1678147963459 0.001090909090909091 0
1678147963743 0.001090909090909091 0
1678147968767 0.001090909090909091 0
1678147973644 0.001090909090909091 0
1678147973775 0.001090909090909091 0
1678148024021 0.001090909090909091 0
1678148035060 0.001090909090909091 0
1678148253519 0.001090909090909091 0
1678148253649 0.001090909090909091 0
1678148253657 0.001090909090909091 0
1678148253656 0.001090909090909091 0
1678148253688 0.001090909090909091 0
1678148253759 0.001090909090909091 0
1678148253791 0.001090909090909091 0
1678148253815 0.001090909090909091 0
1678148253821 0.001090909090909091 0
1678148253851 0.001090909090909091 0
1678148253856 0.001090909090909091 0
1678148253927 0.001090909090909091 0
1678148253939 0.001090909090909091 0
1678148253968 0.001090909090909091 0
1678148254003 0.001090909090909091 0
1678148254011 0.001090909090909091 0
1678148254027 0.001090909090909091 0
1678148254030 0.001090909090909091 0
1678148254046 0.001090909090909091 0
1678148254047 0.001090909090909091 0
1678148254053 0.001090909090909091 0
1678148254076 0.001090909090909091 0
1678148254080 0.001090909090909091 0
1678148254091 0.001090909090909091 0
1678148254100 0.001090909090909091 0
1678148254372 0.001090909090909091 0
1678148254370 0.001090909090909091 0
1678148254386 0.001090909090909091 0
1678148254401 0.001090909090909091 0
1678148254400 0.001090909090909091 0
1678148254406 0.001090909090909091 0
1678148254424 0.001090909090909091 0
1678148254429 0.001090909090909091 0
1678148254433 0.001090909090909091 0
1678148254453 0.001090909090909091 0
1678148254476 0.001090909090909091 0
1678148254559 0.001090909090909091 0
1678148254579 0.001090909090909091 0
1678148254650 0.001090909090909091 0
1678148254715 0.001090909090909091 0
1678148254714 0.001090909090909091 0
1678148254841 0.001090909090909091 0
1678148254891 0.001090909090909091 0
1678148254963 0.001090909090909091 0
1678148254966 0.001090909090909091 0
1678148255080 0.001090909090909091 0
1678148255095 0.001090909090909091 0
1678148255155 0.001090909090909091 0
1678148255187 0.001090909090909091 0
1678148255357 0.001090909090909091 0
1678148255360 0.001090909090909091 0
1678148255407 0.001090909090909091 0
1678148255488 0.001090909090909091 0
1678148255592 0.001090909090909091 0
1678148255596 0.001090909090909091 0
1678148255639 0.001090909090909091 0
1678148255921 0.001090909090909091 0
1678148255951 0.001090909090909091 0
1678148256349 0.001090909090909091 0
1678148256408 0.001090909090909091 0
1678148257306 0.001090909090909091 0
1678148257410 0.001090909090909091 0
1678148259838 0.001090909090909091 0
1678148260472 0.001090909090909091 0
1678148262577 0.001090909090909091 0
1678148265923 0.001090909090909091 0
1678148274789 0.001090909090909091 0
1678148281227 0.001090909090909091 0
1678148281332 0.001090909090909091 0
1678148281522 0.001090909090909091 0
1678148281572 0.001090909090909091 0
1678148281593 0.001090909090909091 0
1678148281840 0.001090909090909091 0
1678148296397 0.001090909090909091 0
1678148304777 0.001090909090909091 0
1678148348851 0.001090909090909091 0
1678148437562 0.001090909090909091 0
1678148449664 0.001090909090909091 0
1678148553698 0.001090909090909091 0
1678148553835 0.001090909090909091 0
1678148553904 0.001090909090909091 0
1678148553914 0.001090909090909091 0
1678148553927 0.001090909090909091 0
1678148553959 0.001090909090909091 0
1678148553956 0.001090909090909091 0
1678148554023 0.001090909090909091 0
1678148554031 0.001090909090909091 0
1678148554051 0.001090909090909091 0
1678148554086 0.001090909090909091 0
1678148554090 0.001090909090909091 0
1678148554113 0.001090909090909091 0
1678148554120 0.001090909090909091 0
1678148554123 0.001090909090909091 0
1678148554124 0.001090909090909091 0
1678148554131 0.001090909090909091 0
1678148554137 0.001090909090909091 0
1678148554139 0.001090909090909091 0
1678148554148 0.001090909090909091 0
1678148554178 0.001090909090909091 0
1678148554196 0.001090909090909091 0
1678148554198 0.001090909090909091 0
1678148554260 0.001090909090909091 0
1678148554286 0.001090909090909091 0
1678148554351 0.001090909090909091 0
1678148554399 0.001090909090909091 0
1678148554569 0.001090909090909091 0
1678148554619 0.001090909090909091 0
1678148554626 0.001090909090909091 0
1678148554639 0.001090909090909091 0
1678148554695 0.001090909090909091 0
1678148554735 0.001090909090909091 0
1678148554755 0.001090909090909091 0
1678148554764 0.001090909090909091 0
1678148554798 0.001090909090909091 0
1678148554804 0.001090909090909091 0
1678148554805 0.001090909090909091 0
1678148554861 0.001090909090909091 0
1678148554866 0.001090909090909091 0
1678148554868 0.001090909090909091 0
1678148554902 0.001090909090909091 0
1678148554933 0.001090909090909091 0
1678148555145 0.001090909090909091 0
1678148555216 0.001090909090909091 0
1678148555281 0.001090909090909091 0
1678148555401 0.001090909090909091 0
1678148555685 0.001090909090909091 0
1678148555734 0.001090909090909091 0
1678148555748 0.001090909090909091 0
1678148555748 0.001090909090909091 0
1678148555749 0.001090909090909091 0
1678148555758 0.001090909090909091 0
1678148555759 0.001090909090909091 0
1678148555920 0.001090909090909091 0
1678148555942 0.001090909090909091 0
1678148556122 0.001090909090909091 0
1678148556124 0.001090909090909091 0
1678148556151 0.001090909090909091 0
1678148556150 0.001090909090909091 0
1678148556829 0.001090909090909091 0
1678148557077 0.001090909090909091 0
1678148557193 0.001090909090909091 0
1678148557223 0.001090909090909091 0
1678148558596 0.001090909090909091 0
1678148559181 0.001090909090909091 0
1678148560148 0.001090909090909091 0
1678148560587 0.001090909090909091 0
1678148566250 0.001090909090909091 0
1678148571716 0.001090909090909091 0
1678148572533 0.001090909090909091 0
1678148580914 0.001090909090909091 0
1678148615987 0.001090909090909091 0
1678148682746 0.001090909090909091 0
1678148751888 0.001090909090909091 0
1678148854068 0.001090909090909091 0
1678148854276 0.001090909090909091 0
1678148854276 0.001090909090909091 0
1678148854334 0.001090909090909091 0
1678148854386 0.001090909090909091 0
1678148854440 0.001090909090909091 0
1678148854442 0.001090909090909091 0
1678148854505 0.001090909090909091 0
1678148854713 0.001090909090909091 0
1678148854716 0.001090909090909091 0
1678148854710 0.001090909090909091 0
1678148854727 0.001090909090909091 0
1678148854723 0.001090909090909091 0
1678148854731 0.001090909090909091 0
1678148854732 0.001090909090909091 0
1678148854736 0.001090909090909091 0
1678148854740 0.001090909090909091 0
1678148854739 0.001090909090909091 0
1678148854742 0.001090909090909091 0
1678148854742 0.001090909090909091 0
1678148854746 0.001090909090909091 0
1678148854753 0.001090909090909091 0
1678148854803 0.001090909090909091 0
1678148854809 0.001090909090909091 0
1678148854817 0.001090909090909091 0
1678148854852 0.001090909090909091 0
1678148854867 0.001090909090909091 0
1678148854878 0.001090909090909091 0
1678148854889 0.001090909090909091 0
1678148854949 0.001090909090909091 0
1678148854970 0.001090909090909091 0
1678148855010 0.001090909090909091 0
1678148855017 0.001090909090909091 0
1678148855042 0.001090909090909091 0
1678148855046 0.001090909090909091 0
1678148855052 0.001090909090909091 0
1678148855068 0.001090909090909091 0
1678148855102 0.001090909090909091 0
1678148855113 0.001090909090909091 0
1678148855115 0.001090909090909091 0
1678148855130 0.001090909090909091 0
1678148855157 0.001090909090909091 0
1678148855209 0.001090909090909091 0
1678148855291 0.001090909090909091 0
1678148855371 0.001090909090909091 0
1678148855411 0.001090909090909091 0
1678148855450 0.001090909090909091 0
1678148855455 0.001090909090909091 0
1678148855594 0.001090909090909091 0
1678148855597 0.001090909090909091 0
1678148855726 0.001090909090909091 0
1678148855745 0.001090909090909091 0
1678148855858 0.001090909090909091 0
1678148856068 0.001090909090909091 0
1678148856117 0.001090909090909091 0
1678148856155 0.001090909090909091 0
1678148856186 0.001090909090909091 0
1678148856339 0.001090909090909091 0
1678148856447 0.001090909090909091 0
1678148856527 0.001090909090909091 0
1678148856702 0.001090909090909091 0
1678148856848 0.001090909090909091 0
1678148857049 0.001090909090909091 0
1678148857135 0.001090909090909091 0
1678148857226 0.001090909090909091 0
1678148857412 0.001090909090909091 0
1678148857419 0.001090909090909091 0
1678148857536 0.001090909090909091 0
1678148857821 0.001090909090909091 0
1678148858909 0.001090909090909091 0
1678148859941 0.001090909090909091 0
1678148860156 0.001090909090909091 0
1678148865166 0.001090909090909091 0
1678148868362 0.001090909090909091 0
1678148871957 0.001090909090909091 0
1678148915836 0.001090909090909091 0
1678148960141 0.001090909090909091 0
1678148970070 0.001090909090909091 0
1678149024138 0.001090909090909091 0
1678149030762 0.001090909090909091 0
1678149154843 0.001090909090909091 0
1678149154884 0.001090909090909091 0
1678149154948 0.001090909090909091 0
1678149155004 0.001090909090909091 0
1678149155013 0.001090909090909091 0
1678149155011 0.001090909090909091 0
1678149155029 0.001090909090909091 0
1678149155045 0.001090909090909091 0
1678149155052 0.001090909090909091 0
1678149155060 0.001090909090909091 0
1678149155079 0.001090909090909091 0
1678149155095 0.001090909090909091 0
1678149155096 0.001090909090909091 0
1678149155099 0.001090909090909091 0
1678149155116 0.001090909090909091 0
1678149155116 0.001090909090909091 0
1678149155115 0.001090909090909091 0
1678149155133 0.001090909090909091 0
1678149155137 0.001090909090909091 0
1678149155163 0.001090909090909091 0
1678149155168 0.001090909090909091 0
1678149155186 0.001090909090909091 0
1678149155199 0.001090909090909091 0
1678149155212 0.001090909090909091 0
1678149155245 0.001090909090909091 0
1678149155253 0.001090909090909091 0
1678149155295 0.001090909090909091 0
1678149155374 0.001090909090909091 0
1678149155420 0.001090909090909091 0
1678149155458 0.001090909090909091 0
1678149155509 0.001090909090909091 0
1678149155518 0.001090909090909091 0
1678149155521 0.001090909090909091 0
1678149155530 0.001090909090909091 0
1678149155542 0.001090909090909091 0
1678149155552 0.001090909090909091 0
1678149155571 0.001090909090909091 0
1678149155592 0.001090909090909091 0
1678149155616 0.001090909090909091 0
1678149155653 0.001090909090909091 0
1678149155715 0.001090909090909091 0
1678149155718 0.001090909090909091 0
1678149155771 0.001090909090909091 0
1678149155874 0.001090909090909091 0
1678149155898 0.001090909090909091 0
1678149155898 0.001090909090909091 0
1678149155908 0.001090909090909091 0
1678149155963 0.001090909090909091 0
1678149155970 0.001090909090909091 0
1678149155988 0.001090909090909091 0
1678149156158 0.001090909090909091 0
1678149156242 0.001090909090909091 0
1678149156269 0.001090909090909091 0
1678149156429 0.001090909090909091 0
1678149156470 0.001090909090909091 0
1678149156475 0.001090909090909091 0
1678149156491 0.001090909090909091 0
1678149156512 0.001090909090909091 0
1678149156610 0.001090909090909091 0
1678149156646 0.001090909090909091 0
1678149156649 0.001090909090909091 0
1678149156908 0.001090909090909091 0
1678149157027 0.001090909090909091 0
1678149157373 0.001090909090909091 0
1678149157740 0.001090909090909091 0
1678149158816 0.001090909090909091 0
1678149159325 0.001090909090909091 0
1678149159835 0.001090909090909091 0
1678149159900 0.001090909090909091 0
1678149159991 0.001090909090909091 0
1678149160820 0.001090909090909091 0
1678149161005 0.001090909090909091 0
1678149161089 0.001090909090909091 0
1678149161102 0.001090909090909091 0
1678149163430 0.001090909090909091 0
1678149171822 0.001090909090909091 0
1678149173313 0.001090909090909091 0
1678149217510 0.001090909090909091 0
1678149284893 0.001090909090909091 0
1678149301864 0.001090909090909091 0
1678149370024 0.001090909090909091 0
1678149455404 0.001090909090909091 0
1678149455540 0.001090909090909091 0
1678149455665 0.001090909090909091 0
1678149456387 0.001090909090909091 0
1678149456466 0.001090909090909091 0
1678149456498 0.001090909090909091 0
1678149456604 0.001090909090909091 0
1678149456633 0.001090909090909091 0
1678149456686 0.001090909090909091 0
1678149456712 0.001090909090909091 0
1678149456715 0.001090909090909091 0
1678149456788 0.001090909090909091 0
1678149456866 0.001090909090909091 0
1678149456919 0.001090909090909091 0
1678149456919 0.001090909090909091 0
1678149456927 0.001090909090909091 0
1678149456936 0.001090909090909091 0
1678149456967 0.001090909090909091 0
1678149456988 0.001090909090909091 0
1678149457021 0.001090909090909091 0
1678149457130 0.001090909090909091 0
1678149457167 0.001090909090909091 0
1678149457183 0.001090909090909091 0
1678149457232 0.001090909090909091 0
1678149457266 0.001090909090909091 0
1678149457289 0.001090909090909091 0
1678149457295 0.001090909090909091 0
1678149457304 0.001090909090909091 0
1678149457306 0.001090909090909091 0
1678149457353 0.001090909090909091 0
1678149457402 0.001090909090909091 0
1678149457414 0.001090909090909091 0
1678149457421 0.001090909090909091 0
1678149457441 0.001090909090909091 0
1678149457445 0.001090909090909091 0
1678149457450 0.001090909090909091 0
1678149457466 0.001090909090909091 0
1678149457532 0.001090909090909091 0
1678149457536 0.001090909090909091 0
1678149457562 0.001090909090909091 0
1678149457636 0.001090909090909091 0
1678149457667 0.001090909090909091 0
1678149457751 0.001090909090909091 0
1678149457752 0.001090909090909091 0
1678149457762 0.001090909090909091 0
1678149457808 0.001090909090909091 0
1678149457839 0.001090909090909091 0
1678149457864 0.001090909090909091 0
1678149457892 0.001090909090909091 0
1678149457907 0.001090909090909091 0
1678149458060 0.001090909090909091 0
1678149458086 0.001090909090909091 0
1678149458106 0.001090909090909091 0
1678149458171 0.001090909090909091 0
1678149458191 0.001090909090909091 0
1678149458249 0.001090909090909091 0
1678149458372 0.001090909090909091 0
1678149458457 0.001090909090909091 0
1678149458683 0.001090909090909091 0
1678149458741 0.001090909090909091 0
1678149458825 0.001090909090909091 0
1678149459075 0.001090909090909091 0
1678149459130 0.001090909090909091 0
1678149459145 0.001090909090909091 0
1678149459545 0.001090909090909091 0
1678149459592 0.001090909090909091 0
1678149459735 0.001090909090909091 0
1678149461642 0.001090909090909091 0
1678149461892 0.001090909090909091 0
1678149461944 0.001090909090909091 0
1678149463367 0.001090909090909091 0
1678149464698 0.001090909090909091 0
1678149475388 0.001090909090909091 0
1678149476119 0.001090909090909091 0
1678149499896 0.001090909090909091 0
1678149573472 0.001090909090909091 0
1678149577233 0.001090909090909091 0
1678149644207 0.001090909090909091 0
1678149756172 0.001090909090909091 0
1678149756198 0.001090909090909091 0
1678149756319 0.001090909090909091 0
1678149756496 0.001090909090909091 0
1678149756521 0.001090909090909091 0
1678149756536 0.001090909090909091 0
1678149756581 0.001090909090909091 0
1678149756640 0.001090909090909091 0
1678149756760 0.001090909090909091 0
1678149756829 0.001090909090909091 0
1678149756937 0.001090909090909091 0
1678149756934 0.001090909090909091 0
1678149756955 0.001090909090909091 0
1678149756961 0.001090909090909091 0
1678149756964 0.001090909090909091 0
1678149756963 0.001090909090909091 0
1678149756980 0.001090909090909091 0
1678149756993 0.001090909090909091 0
1678149757009 0.001090909090909091 0
1678149757040 0.001090909090909091 0
1678149757173 0.001090909090909091 0
1678149757181 0.001090909090909091 0
1678149757187 0.001090909090909091 0
1678149757207 0.001090909090909091 0
1678149757208 0.001090909090909091 0
1678149757209 0.001090909090909091 0
1678149757220 0.001090909090909091 0
1678149757223 0.001090909090909091 0
1678149757233 0.001090909090909091 0
1678149757271 0.001090909090909091 0
1678149757272 0.001090909090909091 0
1678149757305 0.001090909090909091 0
1678149757334 0.001090909090909091 0
1678149757358 0.001090909090909091 0
1678149757461 0.001090909090909091 0
1678149757473 0.001090909090909091 0
1678149757502 0.001090909090909091 0
1678149757543 0.001090909090909091 0
1678149757551 0.001090909090909091 0
1678149757574 0.001090909090909091 0
1678149757578 0.001090909090909091 0
1678149757588 0.001090909090909091 0
1678149757640 0.001090909090909091 0
1678149757640 0.001090909090909091 0
1678149757715 0.001090909090909091 0
1678149757780 0.001090909090909091 0
1678149757808 0.001090909090909091 0
1678149757885 0.001090909090909091 0
1678149757921 0.001090909090909091 0
1678149757951 0.001090909090909091 0
1678149758017 0.001090909090909091 0
1678149758169 0.001090909090909091 0
1678149758306 0.001090909090909091 0
1678149758410 0.001090909090909091 0
1678149758417 0.001090909090909091 0
1678149758599 0.001090909090909091 0
1678149758611 0.001090909090909091 0
1678149758816 0.001090909090909091 0
1678149758861 0.001090909090909091 0
1678149758919 0.001090909090909091 0
1678149759137 0.001090909090909091 0
1678149759177 0.001090909090909091 0
1678149759245 0.001090909090909091 0
1678149759583 0.001090909090909091 0
1678149759645 0.001090909090909091 0
1678149759856 0.001090909090909091 0
1678149760384 0.001090909090909091 0
1678149760517 0.001090909090909091 0
1678149760726 0.001090909090909091 0
1678149760978 0.001090909090909091 0
1678149760984 0.001090909090909091 0
1678149761930 0.001090909090909091 0
1678149762344 0.001090909090909091 0
1678149762566 0.001090909090909091 0
1678149762566 0.001090909090909091 0
1678149763648 0.001090909090909091 0
1678149763722 0.001090909090909091 0
1678149772680 0.001090909090909091 0
1678149775862 0.001090909090909091 0
1678149827504 0.001090909090909091 0
1678149964055 0.001090909090909091 0
1678150050063 0.001090909090909091 0
1678150057375 0.001090909090909091 0
1678150057472 0.001090909090909091 0
1678150057546 0.001090909090909091 0
1678150057548 0.001090909090909091 0
1678150057579 0.001090909090909091 0
1678150057579 0.001090909090909091 0
1678150057582 0.001090909090909091 0
1678150057583 0.001090909090909091 0
1678150057588 0.001090909090909091 0
1678150057587 0.001090909090909091 0
1678150057640 0.001090909090909091 0
1678150057643 0.001090909090909091 0
1678150057666 0.001090909090909091 0
1678150057678 0.001090909090909091 0
1678150057685 0.001090909090909091 0
1678150057712 0.001090909090909091 0
1678150057725 0.001090909090909091 0
1678150057741 0.001090909090909091 0
1678150057751 0.001090909090909091 0
1678150057754 0.001090909090909091 0
1678150057758 0.001090909090909091 0
1678150057775 0.001090909090909091 0
1678150057865 0.001090909090909091 0
1678150057906 0.001090909090909091 0
1678150057931 0.001090909090909091 0
1678150057955 0.001090909090909091 0
1678150057964 0.001090909090909091 0
1678150057977 0.001090909090909091 0
1678150057984 0.001090909090909091 0
1678150057993 0.001090909090909091 0
1678150058107 0.001090909090909091 0
1678150058140 0.001090909090909091 0
1678150058156 0.001090909090909091 0
1678150058174 0.001090909090909091 0
1678150058174 0.001090909090909091 0
1678150058183 0.001090909090909091 0
1678150058218 0.001090909090909091 0
1678150058226 0.001090909090909091 0
1678150058263 0.001090909090909091 0
1678150058292 0.001090909090909091 0
1678150058303 0.001090909090909091 0
1678150058308 0.001090909090909091 0
1678150058365 0.001090909090909091 0
1678150058548 0.001090909090909091 0
1678150058654 0.001090909090909091 0
1678150058705 0.001090909090909091 0
1678150058722 0.001090909090909091 0
1678150058804 0.001090909090909091 0
1678150058808 0.001090909090909091 0
1678150059017 0.001090909090909091 0
1678150059116 0.001090909090909091 0
1678150059203 0.001090909090909091 0
1678150059403 0.001090909090909091 0
1678150059550 0.001090909090909091 0
1678150059593 0.001090909090909091 0
1678150059596 0.001090909090909091 0
1678150059656 0.001090909090909091 0
1678150059775 0.001090909090909091 0
1678150059790 0.001090909090909091 0
1678150060229 0.001090909090909091 0
1678150060275 0.001090909090909091 0
1678150060294 0.001090909090909091 0
1678150060325 0.001090909090909091 0
1678150060518 0.001090909090909091 0
1678150060831 0.001090909090909091 0
1678150061924 0.001090909090909091 0
1678150062079 0.001090909090909091 0
1678150063117 0.001090909090909091 0
1678150063491 0.001090909090909091 0
1678150063639 0.001090909090909091 0
1678150063873 0.001090909090909091 0
1678150063905 0.001090909090909091 0
1678150071135 0.001090909090909091 0
1678150076199 0.001090909090909091 0
1678150077556 0.001090909090909091 0
1678150145373 0.001090909090909091 0
1678150264412 0.001090909090909091 0
1678150288826 0.001090909090909091 0
1678150357669 0.001090909090909091 0
1678150357918 0.001090909090909091 0
1678150357933 0.001090909090909091 0
1678150358070 0.001090909090909091 0
1678150359004 0.001090909090909091 0
1678150359344 0.001090909090909091 0
1678150360602 0.001090909090909091 0
1678150362818 0.001090909090909091 0
1678150400051 0.001090909090909091 0
1678150499758 0.001090909090909091 0
1678150632806 0.001090909090909091 0
