1678058024123 0.001090909090909091 0
1678058182795 0.001090909090909091 0
1678059092368 0.001090909090909091 0
1678059092507 0.001090909090909091 0
1678059094541 0.001090909090909091 0
1678059145190 0.001090909090909091 0
1678059184015 0.001090909090909091 0
1678114476975 0.001090909090909091 0
1678114657947 0.001090909090909091 0
1678142243925 0.001090909090909091 0
1678142243964 0.001090909090909091 0
1678142244080 0.001090909090909091 0
1678142244094 0.001090909090909091 0
1678142244109 0.001090909090909091 0
1678142244143 0.001090909090909091 0
1678142244160 0.001090909090909091 0
1678142244796 0.001090909090909091 0
1678142244795 0.001090909090909091 0
1678142244799 0.001090909090909091 0
1678142244882 0.001090909090909091 0
1678142245154 0.001090909090909091 0
1678142245231 0.001090909090909091 0
1678142245246 0.001090909090909091 0
1678142245267 0.001090909090909091 0
1678142245318 0.001090909090909091 0
1678142245326 0.001090909090909091 0
1678142246384 0.001090909090909091 0
1678142246422 0.001090909090909091 0
1678142246509 0.001090909090909091 0
1678142246644 0.001090909090909091 0
1678142246691 0.001090909090909091 0
1678142248730 0.001090909090909091 0
1678142248744 0.001090909090909091 0
1678142250886 0.001090909090909091 0
1678142253260 0.001090909090909091 0
1678142255048 0.001090909090909091 0
1678142255246 0.001090909090909091 0
1678142255453 0.001090909090909091 0
1678142257422 0.001090909090909091 0
1678142257423 0.001090909090909091 0
1678142257433 0.001090909090909091 0
1678142257432 0.001090909090909091 0
1678142257431 0.001090909090909091 0
1678142258556 0.001090909090909091 0
1678142258630 0.001090909090909091 0
1678142258649 0.001090909090909091 0
1678142258672 0.001090909090909091 0
1678142258845 0.001090909090909091 0
1678142258874 0.001090909090909091 0
1678142258917 0.001090909090909091 0
1678142259198 0.001090909090909091 0
1678142269305 0.001090909090909091 0
1678142281432 0.001090909090909091 0
1678142317567 0.001090909090909091 0
1678142329824 0.001090909090909091 0
1678142544054 0.001090909090909091 0
1678142544212 0.001090909090909091 0
1678142544247 0.001090909090909091 0
1678142544255 0.001090909090909091 0
1678142544291 0.001090909090909091 0
1678142544316 0.001090909090909091 0
1678142544318 0.001090909090909091 0
1678142544329 0.001090909090909091 0
1678142544328 0.001090909090909091 0
1678142544353 0.001090909090909091 0
1678142544357 0.001090909090909091 0
1678142544354 0.001090909090909091 0
1678142544359 0.001090909090909091 0
1678142544411 0.001090909090909091 0
1678142544402 0.001090909090909091 0
1678142544412 0.001090909090909091 0
1678142544510 0.001090909090909091 0
1678142544527 0.001090909090909091 0
1678142544546 0.001090909090909091 0
1678142544607 0.001090909090909091 0
1678142544747 0.001090909090909091 0
1678142544830 0.001090909090909091 0
1678142544849 0.001090909090909091 0
1678142544863 0.001090909090909091 0
1678142544899 0.001090909090909091 0
1678142544899 0.001090909090909091 0
1678142544997 0.001090909090909091 0
1678142545081 0.001090909090909091 0
1678142545097 0.001090909090909091 0
1678142545192 0.001090909090909091 0
1678142545205 0.001090909090909091 0
1678142545524 0.001090909090909091 0
1678142545759 0.001090909090909091 0
1678142545937 0.001090909090909091 0
1678142545986 0.001090909090909091 0
1678142546351 0.001090909090909091 0
1678142546655 0.001090909090909091 0
1678142546821 0.001090909090909091 0
1678142546891 0.001090909090909091 0
1678142546977 0.001090909090909091 0
1678142547808 0.001090909090909091 0
1678142548072 0.001090909090909091 0
1678142548838 0.001090909090909091 0
1678142549434 0.001090909090909091 0
1678142549493 0.001090909090909091 0
1678142549602 0.001090909090909091 0
1678142549872 0.001090909090909091 0
1678142550240 0.001090909090909091 0
1678142552496 0.001090909090909091 0
1678142554554 0.001090909090909091 0
1678142567828 0.001090909090909091 0
1678142568107 0.001090909090909091 0
1678142568128 0.001090909090909091 0
1678142568147 0.001090909090909091 0
1678142568151 0.001090909090909091 0
1678142568222 0.001090909090909091 0
1678142568229 0.001090909090909091 0
1678142568393 0.001090909090909091 0
1678142568504 0.001090909090909091 0
1678142568550 0.001090909090909091 0
1678142568667 0.001090909090909091 0
1678142568808 0.001090909090909091 0
1678142568818 0.001090909090909091 0
1678142568829 0.001090909090909091 0
1678142568901 0.001090909090909091 0
1678142569475 0.001090909090909091 0
1678142569811 0.001090909090909091 0
1678142579697 0.001090909090909091 0
1678142651967 0.001090909090909091 0
1678142763042 0.001090909090909091 0
1678142847189 0.001090909090909091 0
1678142847191 0.001090909090909091 0
1678142847431 0.001090909090909091 0
1678142847639 0.001090909090909091 0
1678142847669 0.001090909090909091 0
1678142847740 0.001090909090909091 0
1678142848179 0.001090909090909091 0
1678142848290 0.001090909090909091 0
1678142848294 0.001090909090909091 0
1678142848325 0.001090909090909091 0
1678142848370 0.001090909090909091 0
1678142848371 0.001090909090909091 0
1678142848410 0.001090909090909091 0
1678142848412 0.001090909090909091 0
1678142848453 0.001090909090909091 0
1678142848460 0.001090909090909091 0
1678142848462 0.001090909090909091 0
1678142848449 0.001090909090909091 0
1678142848519 0.001090909090909091 0
1678142848531 0.001090909090909091 0
1678142848570 0.001090909090909091 0
1678142848576 0.001090909090909091 0
1678142848607 0.001090909090909091 0
1678142848619 0.001090909090909091 0
1678142848649 0.001090909090909091 0
1678142848657 0.001090909090909091 0
1678142848819 0.001090909090909091 0
1678142848908 0.001090909090909091 0
1678142848936 0.001090909090909091 0
1678142849048 0.001090909090909091 0
1678142849130 0.001090909090909091 0
1678142849146 0.001090909090909091 0
1678142849173 0.001090909090909091 0
1678142849188 0.001090909090909091 0
1678142849265 0.001090909090909091 0
1678142849301 0.001090909090909091 0
1678142849394 0.001090909090909091 0
1678142849432 0.001090909090909091 0
1678142849535 0.001090909090909091 0
1678142849589 0.001090909090909091 0
1678142849588 0.001090909090909091 0
1678142849601 0.001090909090909091 0
1678142849628 0.001090909090909091 0
1678142849649 0.001090909090909091 0
1678142849654 0.001090909090909091 0
1678142849706 0.001090909090909091 0
1678142849721 0.001090909090909091 0
1678142849833 0.001090909090909091 0
1678142849975 0.001090909090909091 0
1678142850046 0.001090909090909091 0
1678142850207 0.001090909090909091 0
1678142850341 0.001090909090909091 0
1678142850380 0.001090909090909091 0
1678142850441 0.001090909090909091 0
1678142850496 0.001090909090909091 0
1678142850657 0.001090909090909091 0
1678142850820 0.001090909090909091 0
1678142850855 0.001090909090909091 0
1678142851056 0.001090909090909091 0
1678142852051 0.001090909090909091 0
1678142852189 0.001090909090909091 0
1678142853078 0.001090909090909091 0
1678142853322 0.001090909090909091 0
1678142854085 0.001090909090909091 0
1678142854195 0.001090909090909091 0
1678142855523 0.001090909090909091 0
1678142857001 0.001090909090909091 0
1678142857541 0.001090909090909091 0
1678142858372 0.001090909090909091 0
1678142923706 0.001090909090909091 0
1678143144486 0.001090909090909091 0
1678143144807 0.001090909090909091 0
1678143144807 0.001090909090909091 0
1678143144894 0.001090909090909091 0
1678143144974 0.001090909090909091 0
1678143144979 0.001090909090909091 0
1678143144991 0.001090909090909091 0
1678143145012 0.001090909090909091 0
1678143145013 0.001090909090909091 0
1678143145020 0.001090909090909091 0
1678143145035 0.001090909090909091 0
1678143145041 0.001090909090909091 0
1678143145077 0.001090909090909091 0
1678143145148 0.001090909090909091 0
1678143145182 0.001090909090909091 0
1678143145196 0.001090909090909091 0
1678143145200 0.001090909090909091 0
1678143145221 0.001090909090909091 0
1678143145285 0.001090909090909091 0
1678143145308 0.001090909090909091 0
1678143145315 0.001090909090909091 0
1678143145375 0.001090909090909091 0
1678143145426 0.001090909090909091 0
1678143145460 0.001090909090909091 0
1678143145534 0.001090909090909091 0
1678143145557 0.001090909090909091 0
1678143145572 0.001090909090909091 0
1678143145574 0.001090909090909091 0
1678143145584 0.001090909090909091 0
1678143145603 0.001090909090909091 0
1678143145616 0.001090909090909091 0
1678143145627 0.001090909090909091 0
1678143145636 0.001090909090909091 0
1678143145717 0.001090909090909091 0
1678143145755 0.001090909090909091 0
1678143145875 0.001090909090909091 0
1678143145914 0.001090909090909091 0
1678143146061 0.001090909090909091 0
1678143146147 0.001090909090909091 0
1678143146164 0.001090909090909091 0
1678143146172 0.001090909090909091 0
1678143146242 0.001090909090909091 0
1678143146539 0.001090909090909091 0
1678143146540 0.001090909090909091 0
1678143146544 0.001090909090909091 0
1678143146608 0.001090909090909091 0
1678143146627 0.001090909090909091 0
1678143146641 0.001090909090909091 0
1678143146681 0.001090909090909091 0
1678143146771 0.001090909090909091 0
1678143146915 0.001090909090909091 0
1678143146942 0.001090909090909091 0
1678143146958 0.001090909090909091 0
1678143147183 0.001090909090909091 0
1678143147470 0.001090909090909091 0
1678143147513 0.001090909090909091 0
1678143148281 0.001090909090909091 0
1678143148352 0.001090909090909091 0
1678143148512 0.001090909090909091 0
1678143151015 0.001090909090909091 0
1678143155827 0.001090909090909091 0
1678143163593 0.001090909090909091 0
1678143163687 0.001090909090909091 0
1678143164802 0.001090909090909091 0
1678143168547 0.001090909090909091 0
1678143215158 0.001090909090909091 0
1678143363076 0.001090909090909091 0
1678143445111 0.001090909090909091 0
1678143445434 0.001090909090909091 0
1678143445707 0.001090909090909091 0
1678143445762 0.001090909090909091 0
1678143445915 0.001090909090909091 0
1678143446018 0.001090909090909091 0
1678143446057 0.001090909090909091 0
1678143446062 0.001090909090909091 0
1678143446074 0.001090909090909091 0
1678143446136 0.001090909090909091 0
1678143446321 0.001090909090909091 0
1678143446328 0.001090909090909091 0
1678143446378 0.001090909090909091 0
1678143446381 0.001090909090909091 0
1678143446391 0.001090909090909091 0
1678143446396 0.001090909090909091 0
1678143446402 0.001090909090909091 0
1678143446420 0.001090909090909091 0
1678143446424 0.001090909090909091 0
1678143446446 0.001090909090909091 0
1678143446483 0.001090909090909091 0
1678143446492 0.001090909090909091 0
1678143446496 0.001090909090909091 0
1678143446517 0.001090909090909091 0
1678143446521 0.001090909090909091 0
1678143446565 0.001090909090909091 0
1678143446606 0.001090909090909091 0
1678143446597 0.001090909090909091 0
1678143446614 0.001090909090909091 0
1678143446641 0.001090909090909091 0
1678143446643 0.001090909090909091 0
1678143446651 0.001090909090909091 0
1678143446662 0.001090909090909091 0
1678143446663 0.001090909090909091 0
1678143446689 0.001090909090909091 0
1678143446693 0.001090909090909091 0
1678143446795 0.001090909090909091 0
1678143446913 0.001090909090909091 0
1678143446942 0.001090909090909091 0
1678143446959 0.001090909090909091 0
1678143446979 0.001090909090909091 0
1678143447004 0.001090909090909091 0
1678143447059 0.001090909090909091 0
1678143447081 0.001090909090909091 0
1678143447104 0.001090909090909091 0
1678143447176 0.001090909090909091 0
1678143447180 0.001090909090909091 0
1678143447258 0.001090909090909091 0
1678143447262 0.001090909090909091 0
1678143447317 0.001090909090909091 0
1678143447423 0.001090909090909091 0
1678143447445 0.001090909090909091 0
1678143447563 0.001090909090909091 0
1678143447584 0.001090909090909091 0
1678143447684 0.001090909090909091 0
1678143447687 0.001090909090909091 0
1678143447706 0.001090909090909091 0
1678143447831 0.001090909090909091 0
1678143447834 0.001090909090909091 0
1678143447920 0.001090909090909091 0
1678143448106 0.001090909090909091 0
1678143448239 0.001090909090909091 0
1678143448656 0.001090909090909091 0
1678143448853 0.001090909090909091 0
1678143449179 0.001090909090909091 0
1678143449362 0.001090909090909091 0
1678143449459 0.001090909090909091 0
1678143449540 0.001090909090909091 0
1678143450039 0.001090909090909091 0
1678143452040 0.001090909090909091 0
1678143467802 0.001090909090909091 0
1678143512392 0.001090909090909091 0
1678143540865 0.001090909090909091 0
1678143561047 0.001090909090909091 0
1678143683185 0.001090909090909091 0
1678143746276 0.001090909090909091 0
1678143746316 0.001090909090909091 0
1678143746318 0.001090909090909091 0
1678143746333 0.001090909090909091 0
1678143746376 0.001090909090909091 0
1678143746400 0.001090909090909091 0
1678143746407 0.001090909090909091 0
1678143746449 0.001090909090909091 0
1678143746461 0.001090909090909091 0
1678143746508 0.001090909090909091 0
1678143746534 0.001090909090909091 0
1678143746538 0.001090909090909091 0
1678143746569 0.001090909090909091 0
1678143746572 0.001090909090909091 0
1678143746582 0.001090909090909091 0
1678143746585 0.001090909090909091 0
1678143746610 0.001090909090909091 0
1678143746610 0.001090909090909091 0
1678143746640 0.001090909090909091 0
1678143746648 0.001090909090909091 0
1678143746668 0.001090909090909091 0
1678143746691 0.001090909090909091 0
1678143746691 0.001090909090909091 0
1678143746842 0.001090909090909091 0
1678143746887 0.001090909090909091 0
1678143746939 0.001090909090909091 0
1678143746967 0.001090909090909091 0
1678143747031 0.001090909090909091 0
1678143747101 0.001090909090909091 0
1678143747115 0.001090909090909091 0
1678143747221 0.001090909090909091 0
1678143747238 0.001090909090909091 0
1678143747252 0.001090909090909091 0
1678143747307 0.001090909090909091 0
1678143747313 0.001090909090909091 0
1678143747437 0.001090909090909091 0
1678143747465 0.001090909090909091 0
1678143747547 0.001090909090909091 0
1678143747555 0.001090909090909091 0
1678143747612 0.001090909090909091 0
1678143747642 0.001090909090909091 0
1678143747647 0.001090909090909091 0
1678143747700 0.001090909090909091 0
1678143747815 0.001090909090909091 0
1678143747877 0.001090909090909091 0
1678143748122 0.001090909090909091 0
1678143748362 0.001090909090909091 0
1678143748494 0.001090909090909091 0
1678143748634 0.001090909090909091 0
1678143748726 0.001090909090909091 0
1678143748747 0.001090909090909091 0
1678143748811 0.001090909090909091 0
1678143748905 0.001090909090909091 0
1678143749133 0.001090909090909091 0
1678143749263 0.001090909090909091 0
1678143749282 0.001090909090909091 0
1678143750079 0.001090909090909091 0
1678143750316 0.001090909090909091 0
1678143750912 0.001090909090909091 0
1678143752707 0.001090909090909091 0
1678143754506 0.001090909090909091 0
1678143754829 0.001090909090909091 0
1678143765348 0.001090909090909091 0
1678143771750 0.001090909090909091 0
1678143774806 0.001090909090909091 0
1678143784426 0.001090909090909091 0
1678143833318 0.001090909090909091 0
1678143902875 0.001090909090909091 0
1678144047645 0.001090909090909091 0
1678144047683 0.001090909090909091 0
1678144047752 0.001090909090909091 0
1678144047829 0.001090909090909091 0
1678144047848 0.001090909090909091 0
1678144047860 0.001090909090909091 0
1678144047896 0.001090909090909091 0
1678144047923 0.001090909090909091 0
1678144047924 0.001090909090909091 0
1678144047943 0.001090909090909091 0
1678144047957 0.001090909090909091 0
1678144047958 0.001090909090909091 0
1678144047979 0.001090909090909091 0
1678144047971 0.001090909090909091 0
1678144047975 0.001090909090909091 0
1678144048029 0.001090909090909091 0
1678144048025 0.001090909090909091 0
1678144048073 0.001090909090909091 0
1678144048125 0.001090909090909091 0
1678144048125 0.001090909090909091 0
1678144048143 0.001090909090909091 0
1678144048140 0.001090909090909091 0
1678144048141 0.001090909090909091 0
1678144048279 0.001090909090909091 0
1678144048313 0.001090909090909091 0
1678144048528 0.001090909090909091 0
1678144048549 0.001090909090909091 0
1678144048722 0.001090909090909091 0
1678144048832 0.001090909090909091 0
1678144049019 0.001090909090909091 0
1678144049104 0.001090909090909091 0
1678144049181 0.001090909090909091 0
1678144049328 0.001090909090909091 0
1678144049371 0.001090909090909091 0
1678144049409 0.001090909090909091 0
1678144049444 0.001090909090909091 0
1678144049558 0.001090909090909091 0
1678144049688 0.001090909090909091 0
1678144049729 0.001090909090909091 0
1678144050325 0.001090909090909091 0
1678144050428 0.001090909090909091 0
1678144050554 0.001090909090909091 0
1678144050586 0.001090909090909091 0
1678144051613 0.001090909090909091 0
1678144052462 0.001090909090909091 0
1678144101288 0.001090909090909091 0
1678144346136 0.001090909090909091 0
1678144346187 0.001090909090909091 0
1678144346257 0.001090909090909091 0
1678144346299 0.001090909090909091 0
1678144346338 0.001090909090909091 0
1678144346353 0.001090909090909091 0
1678144346359 0.001090909090909091 0
1678144346388 0.001090909090909091 0
1678144346401 0.001090909090909091 0
1678144346409 0.001090909090909091 0
1678144346427 0.001090909090909091 0
1678144346429 0.001090909090909091 0
1678144346430 0.001090909090909091 0
1678144346450 0.001090909090909091 0
1678144346490 0.001090909090909091 0
1678144346502 0.001090909090909091 0
1678144346515 0.001090909090909091 0
1678144346545 0.001090909090909091 0
1678144346551 0.001090909090909091 0
1678144346560 0.001090909090909091 0
1678144346607 0.001090909090909091 0
1678144346648 0.001090909090909091 0
1678144346675 0.001090909090909091 0
1678144346675 0.001090909090909091 0
1678144346680 0.001090909090909091 0
1678144346760 0.001090909090909091 0
1678144346785 0.001090909090909091 0
1678144346853 0.001090909090909091 0
1678144346946 0.001090909090909091 0
1678144346947 0.001090909090909091 0
1678144346950 0.001090909090909091 0
1678144346961 0.001090909090909091 0
1678144347000 0.001090909090909091 0
1678144347113 0.001090909090909091 0
1678144346923 0.001090909090909091 0
1678144347165 0.001090909090909091 0
1678144347253 0.001090909090909091 0
1678144347320 0.001090909090909091 0
1678144347350 0.001090909090909091 0
1678144347404 0.001090909090909091 0
1678144347504 0.001090909090909091 0
1678144347549 0.001090909090909091 0
1678144347790 0.001090909090909091 0
1678144347913 0.001090909090909091 0
1678144348104 0.001090909090909091 0
1678144348113 0.001090909090909091 0
1678144348128 0.001090909090909091 0
1678144348266 0.001090909090909091 0
1678144348345 0.001090909090909091 0
1678144348559 0.001090909090909091 0
1678144349004 0.001090909090909091 0
1678144349183 0.001090909090909091 0
1678144349227 0.001090909090909091 0
1678144349514 0.001090909090909091 0
1678144349603 0.001090909090909091 0
1678144349823 0.001090909090909091 0
1678144352925 0.001090909090909091 0
1678144354262 0.001090909090909091 0
1678144354346 0.001090909090909091 0
1678144360266 0.001090909090909091 0
1678144360421 0.001090909090909091 0
1678144364723 0.001090909090909091 0
1678144365074 0.001090909090909091 0
1678144374571 0.001090909090909091 0
1678144484690 0.001090909090909091 0
1678144491447 0.001090909090909091 0
1678144524996 0.001090909090909091 0
1678144649008 0.001090909090909091 0
1678144649044 0.001090909090909091 0
1678144649083 0.001090909090909091 0
1678144649119 0.001090909090909091 0
1678144649133 0.001090909090909091 0
1678144649147 0.001090909090909091 0
1678144649173 0.001090909090909091 0
1678144649189 0.001090909090909091 0
1678144649199 0.001090909090909091 0
1678144649217 0.001090909090909091 0
1678144649232 0.001090909090909091 0
1678144649236 0.001090909090909091 0
1678144649247 0.001090909090909091 0
1678144649248 0.001090909090909091 0
1678144649261 0.001090909090909091 0
1678144649272 0.001090909090909091 0
1678144649264 0.001090909090909091 0
1678144649277 0.001090909090909091 0
1678144649285 0.001090909090909091 0
1678144649305 0.001090909090909091 0
1678144649309 0.001090909090909091 0
1678144649318 0.001090909090909091 0
1678144649358 0.001090909090909091 0
1678144649375 0.001090909090909091 0
1678144649400 0.001090909090909091 0
1678144649417 0.001090909090909091 0
1678144649420 0.001090909090909091 0
1678144649568 0.001090909090909091 0
1678144649588 0.001090909090909091 0
1678144649719 0.001090909090909091 0
1678144649766 0.001090909090909091 0
1678144649777 0.001090909090909091 0
1678144649813 0.001090909090909091 0
1678144649970 0.001090909090909091 0
1678144650008 0.001090909090909091 0
1678144650061 0.001090909090909091 0
1678144650112 0.001090909090909091 0
1678144650186 0.001090909090909091 0
1678144650238 0.001090909090909091 0
1678144650310 0.001090909090909091 0
1678144650377 0.001090909090909091 0
1678144650437 0.001090909090909091 0
1678144650609 0.001090909090909091 0
1678144650692 0.001090909090909091 0
1678144650695 0.001090909090909091 0
1678144650994 0.001090909090909091 0
1678144651078 0.001090909090909091 0
1678144651079 0.001090909090909091 0
1678144651233 0.001090909090909091 0
1678144651299 0.001090909090909091 0
1678144651297 0.001090909090909091 0
1678144651367 0.001090909090909091 0
1678144651821 0.001090909090909091 0
1678144652166 0.001090909090909091 0
1678144652191 0.001090909090909091 0
1678144652436 0.001090909090909091 0
1678144652513 0.001090909090909091 0
1678144652665 0.001090909090909091 0
1678144653424 0.001090909090909091 0
1678144657418 0.001090909090909091 0
1678144657662 0.001090909090909091 0
1678144668664 0.001090909090909091 0
1678144747803 0.001090909090909091 0
1678144751613 0.001090909090909091 0
1678144768689 0.001090909090909091 0
1678144797815 0.001090909090909091 0
1678144946931 0.001090909090909091 0
1678144946965 0.001090909090909091 0
1678144947010 0.001090909090909091 0
1678144947058 0.001090909090909091 0
1678144947076 0.001090909090909091 0
1678144947100 0.001090909090909091 0
1678144947116 0.001090909090909091 0
1678144947125 0.001090909090909091 0
1678144947131 0.001090909090909091 0
1678144947137 0.001090909090909091 0
1678144947142 0.001090909090909091 0
1678144947206 0.001090909090909091 0
1678144947209 0.001090909090909091 0
1678144947239 0.001090909090909091 0
1678144947239 0.001090909090909091 0
1678144947259 0.001090909090909091 0
1678144947276 0.001090909090909091 0
1678144947292 0.001090909090909091 0
1678144947292 0.001090909090909091 0
1678144947298 0.001090909090909091 0
1678144947328 0.001090909090909091 0
1678144947333 0.001090909090909091 0
1678144947348 0.001090909090909091 0
1678144947393 0.001090909090909091 0
1678144947420 0.001090909090909091 0
1678144947505 0.001090909090909091 0
1678144947507 0.001090909090909091 0
1678144947517 0.001090909090909091 0
1678144947564 0.001090909090909091 0
1678144947577 0.001090909090909091 0
1678144947612 0.001090909090909091 0
1678144947614 0.001090909090909091 0
1678144947615 0.001090909090909091 0
1678144947665 0.001090909090909091 0
1678144947683 0.001090909090909091 0
1678144947697 0.001090909090909091 0
1678144947790 0.001090909090909091 0
1678144947801 0.001090909090909091 0
1678144947823 0.001090909090909091 0
1678144947873 0.001090909090909091 0
1678144947927 0.001090909090909091 0
1678144947979 0.001090909090909091 0
1678144947979 0.001090909090909091 0
1678144948160 0.001090909090909091 0
1678144948290 0.001090909090909091 0
1678144948322 0.001090909090909091 0
1678144948379 0.001090909090909091 0
1678144948565 0.001090909090909091 0
1678144948696 0.001090909090909091 0
1678144948713 0.001090909090909091 0
1678144948799 0.001090909090909091 0
1678144948914 0.001090909090909091 0
1678144949171 0.001090909090909091 0
1678144949288 0.001090909090909091 0
1678144949300 0.001090909090909091 0
1678144949498 0.001090909090909091 0
1678144949642 0.001090909090909091 0
1678144949667 0.001090909090909091 0
1678144949734 0.001090909090909091 0
1678144950727 0.001090909090909091 0
1678144950769 0.001090909090909091 0
1678144951960 0.001090909090909091 0
1678144953733 0.001090909090909091 0
1678144962384 0.001090909090909091 0
1678144966944 0.001090909090909091 0
1678144968535 0.001090909090909091 0
1678144971927 0.001090909090909091 0
1678144972266 0.001090909090909091 0
1678145008745 0.001090909090909091 0
1678145077380 0.001090909090909091 0
1678145247267 0.001090909090909091 0
1678145247382 0.001090909090909091 0
1678145247424 0.001090909090909091 0
1678145247455 0.001090909090909091 0
1678145247491 0.001090909090909091 0
1678145247544 0.001090909090909091 0
1678145247546 0.001090909090909091 0
1678145247556 0.001090909090909091 0
1678145247613 0.001090909090909091 0
1678145247620 0.001090909090909091 0
1678145247603 0.001090909090909091 0
1678145247639 0.001090909090909091 0
1678145247640 0.001090909090909091 0
1678145247665 0.001090909090909091 0
1678145247665 0.001090909090909091 0
1678145247673 0.001090909090909091 0
1678145247671 0.001090909090909091 0
1678145247682 0.001090909090909091 0
1678145247728 0.001090909090909091 0
1678145247757 0.001090909090909091 0
1678145247785 0.001090909090909091 0
1678145247833 0.001090909090909091 0
1678145247832 0.001090909090909091 0
1678145247847 0.001090909090909091 0
1678145247897 0.001090909090909091 0
1678145247937 0.001090909090909091 0
1678145247987 0.001090909090909091 0
1678145247997 0.001090909090909091 0
1678145247999 0.001090909090909091 0
1678145248001 0.001090909090909091 0
1678145248060 0.001090909090909091 0
1678145248107 0.001090909090909091 0
1678145248168 0.001090909090909091 0
1678145248187 0.001090909090909091 0
1678145248338 0.001090909090909091 0
1678145248494 0.001090909090909091 0
1678145248557 0.001090909090909091 0
1678145248626 0.001090909090909091 0
1678145248691 0.001090909090909091 0
1678145248712 0.001090909090909091 0
1678145248748 0.001090909090909091 0
1678145248751 0.001090909090909091 0
1678145248873 0.001090909090909091 0
1678145248875 0.001090909090909091 0
1678145248987 0.001090909090909091 0
1678145249058 0.001090909090909091 0
1678145249144 0.001090909090909091 0
1678145249264 0.001090909090909091 0
1678145249343 0.001090909090909091 0
1678145249513 0.001090909090909091 0
1678145249908 0.001090909090909091 0
1678145250080 0.001090909090909091 0
1678145250806 0.001090909090909091 0
1678145250929 0.001090909090909091 0
1678145251042 0.001090909090909091 0
1678145251501 0.001090909090909091 0
1678145251959 0.001090909090909091 0
1678145252577 0.001090909090909091 0
1678145252874 0.001090909090909091 0
1678145252901 0.001090909090909091 0
1678145252990 0.001090909090909091 0
1678145253045 0.001090909090909091 0
1678145254190 0.001090909090909091 0
1678145254567 0.001090909090909091 0
1678145255308 0.001090909090909091 0
1678145258265 0.001090909090909091 0
1678145261285 0.001090909090909091 0
1678145263094 0.001090909090909091 0
1678145270729 0.001090909090909091 0
1678145281710 0.001090909090909091 0
1678145304279 0.001090909090909091 0
1678145334776 0.001090909090909091 0
1678145550104 0.001090909090909091 0
1678145550278 0.001090909090909091 0
1678145550373 0.001090909090909091 0
1678145550495 0.001090909090909091 0
1678145550494 0.001090909090909091 0
1678145550527 0.001090909090909091 0
1678145550687 0.001090909090909091 0
1678145550982 0.001090909090909091 0
1678145551074 0.001090909090909091 0
1678145551322 0.001090909090909091 0
1678145551384 0.001090909090909091 0
1678145551450 0.001090909090909091 0
1678145551450 0.001090909090909091 0
1678145551462 0.001090909090909091 0
1678145551538 0.001090909090909091 0
1678145551620 0.001090909090909091 0
1678145551648 0.001090909090909091 0
1678145551656 0.001090909090909091 0
1678145551698 0.001090909090909091 0
1678145551699 0.001090909090909091 0
1678145551715 0.001090909090909091 0
1678145551719 0.001090909090909091 0
1678145551724 0.001090909090909091 0
1678145551727 0.001090909090909091 0
1678145551727 0.001090909090909091 0
1678145551823 0.001090909090909091 0
1678145551869 0.001090909090909091 0
1678145551893 0.001090909090909091 0
1678145551905 0.001090909090909091 0
1678145551945 0.001090909090909091 0
1678145551985 0.001090909090909091 0
1678145552041 0.001090909090909091 0
1678145552069 0.001090909090909091 0
1678145552099 0.001090909090909091 0
1678145552119 0.001090909090909091 0
1678145552156 0.001090909090909091 0
1678145552169 0.001090909090909091 0
1678145552178 0.001090909090909091 0
1678145552178 0.001090909090909091 0
1678145552233 0.001090909090909091 0
1678145552239 0.001090909090909091 0
1678145552283 0.001090909090909091 0
1678145552355 0.001090909090909091 0
1678145552384 0.001090909090909091 0
1678145552404 0.001090909090909091 0
1678145552473 0.001090909090909091 0
1678145552488 0.001090909090909091 0
1678145552636 0.001090909090909091 0
1678145552686 0.001090909090909091 0
1678145552695 0.001090909090909091 0
1678145552882 0.001090909090909091 0
1678145552955 0.001090909090909091 0
1678145552956 0.001090909090909091 0
1678145553111 0.001090909090909091 0
1678145553366 0.001090909090909091 0
1678145553504 0.001090909090909091 0
1678145553552 0.001090909090909091 0
1678145553704 0.001090909090909091 0
1678145553839 0.001090909090909091 0
1678145554197 0.001090909090909091 0
1678145554425 0.001090909090909091 0
1678145554536 0.001090909090909091 0
1678145554888 0.001090909090909091 0
1678145555032 0.001090909090909091 0
1678145556036 0.001090909090909091 0
1678145559340 0.001090909090909091 0
1678145560984 0.001090909090909091 0
1678145561957 0.001090909090909091 0
1678145565243 0.001090909090909091 0
1678145566967 0.001090909090909091 0
1678145567651 0.001090909090909091 0
1678145626506 0.001090909090909091 0
1678145848198 0.001090909090909091 0
1678145848438 0.001090909090909091 0
1678145848448 0.001090909090909091 0
1678145848483 0.001090909090909091 0
1678145848493 0.001090909090909091 0
1678145848647 0.001090909090909091 0
1678145848658 0.001090909090909091 0
1678145848492 0.001090909090909091 0
1678145848590 0.001090909090909091 0
1678145848697 0.001090909090909091 0
1678145848683 0.001090909090909091 0
1678145848621 0.001090909090909091 0
1678145848717 0.001090909090909091 0
1678145848732 0.001090909090909091 0
1678145848739 0.001090909090909091 0
1678145848765 0.001090909090909091 0
1678145848814 0.001090909090909091 0
1678145848830 0.001090909090909091 0
1678145848841 0.001090909090909091 0
1678145848873 0.001090909090909091 0
1678145848890 0.001090909090909091 0
1678145848909 0.001090909090909091 0
1678145848928 0.001090909090909091 0
1678145848931 0.001090909090909091 0
1678145848936 0.001090909090909091 0
1678145848963 0.001090909090909091 0
1678145849133 0.001090909090909091 0
1678145849190 0.001090909090909091 0
1678145849217 0.001090909090909091 0
1678145849290 0.001090909090909091 0
1678145849313 0.001090909090909091 0
1678145849371 0.001090909090909091 0
1678145849390 0.001090909090909091 0
1678145849474 0.001090909090909091 0
1678145849488 0.001090909090909091 0
1678145849572 0.001090909090909091 0
1678145849725 0.001090909090909091 0
1678145849870 0.001090909090909091 0
1678145850043 0.001090909090909091 0
1678145850465 0.001090909090909091 0
1678145850472 0.001090909090909091 0
1678145850474 0.001090909090909091 0
1678145850548 0.001090909090909091 0
1678145850783 0.001090909090909091 0
1678145850809 0.001090909090909091 0
1678145851107 0.001090909090909091 0
1678145851156 0.001090909090909091 0
1678145851932 0.001090909090909091 0
1678145852144 0.001090909090909091 0
1678145852373 0.001090909090909091 0
1678145852410 0.001090909090909091 0
1678145852715 0.001090909090909091 0
1678145852822 0.001090909090909091 0
1678145853619 0.001090909090909091 0
1678145853723 0.001090909090909091 0
1678145859634 0.001090909090909091 0
1678145859709 0.001090909090909091 0
1678145865722 0.001090909090909091 0
1678145866786 0.001090909090909091 0
1678145874423 0.001090909090909091 0
1678145909248 0.001090909090909091 0
1678145918651 0.001090909090909091 0
1678145972390 0.001090909090909091 0
1678146041864 0.001090909090909091 0
1678146148702 0.001090909090909091 0
1678146148888 0.001090909090909091 0
1678146148890 0.001090909090909091 0
1678146148967 0.001090909090909091 0
1678146149066 0.001090909090909091 0
1678146149216 0.001090909090909091 0
1678146149219 0.001090909090909091 0
1678146149246 0.001090909090909091 0
1678146149282 0.001090909090909091 0
1678146149321 0.001090909090909091 0
1678146149305 0.001090909090909091 0
1678146149352 0.001090909090909091 0
1678146149356 0.001090909090909091 0
1678146149399 0.001090909090909091 0
1678146149405 0.001090909090909091 0
1678146149420 0.001090909090909091 0
1678146149486 0.001090909090909091 0
1678146149520 0.001090909090909091 0
1678146149525 0.001090909090909091 0
1678146149574 0.001090909090909091 0
1678146149599 0.001090909090909091 0
1678146149610 0.001090909090909091 0
1678146149622 0.001090909090909091 0
1678146149626 0.001090909090909091 0
1678146149789 0.001090909090909091 0
1678146149886 0.001090909090909091 0
1678146149905 0.001090909090909091 0
1678146149926 0.001090909090909091 0
1678146149951 0.001090909090909091 0
1678146149965 0.001090909090909091 0
1678146149988 0.001090909090909091 0
1678146150011 0.001090909090909091 0
1678146150082 0.001090909090909091 0
1678146150164 0.001090909090909091 0
1678146150196 0.001090909090909091 0
1678146150389 0.001090909090909091 0
1678146150425 0.001090909090909091 0
1678146150454 0.001090909090909091 0
1678146150618 0.001090909090909091 0
1678146150652 0.001090909090909091 0
1678146150653 0.001090909090909091 0
1678146151258 0.001090909090909091 0
1678146151301 0.001090909090909091 0
1678146151544 0.001090909090909091 0
1678146151583 0.001090909090909091 0
1678146151628 0.001090909090909091 0
1678146151746 0.001090909090909091 0
1678146151812 0.001090909090909091 0
1678146151842 0.001090909090909091 0
1678146151843 0.001090909090909091 0
1678146152181 0.001090909090909091 0
1678146152413 0.001090909090909091 0
1678146152446 0.001090909090909091 0
1678146152798 0.001090909090909091 0
1678146153055 0.001090909090909091 0
1678146153254 0.001090909090909091 0
1678146153681 0.001090909090909091 0
1678146154684 0.001090909090909091 0
1678146156379 0.001090909090909091 0
1678146160489 0.001090909090909091 0
1678146160557 0.001090909090909091 0
1678146166334 0.001090909090909091 0
1678146167434 0.001090909090909091 0
1678146191323 0.001090909090909091 0
1678146215441 0.001090909090909091 0
1678146288825 0.001090909090909091 0
1678146326625 0.001090909090909091 0
1678146448841 0.001090909090909091 0
1678146449083 0.001090909090909091 0
1678146449127 0.001090909090909091 0
1678146449161 0.001090909090909091 0
1678146449168 0.001090909090909091 0
1678146449184 0.001090909090909091 0
1678146449295 0.001090909090909091 0
1678146449307 0.001090909090909091 0
1678146449310 0.001090909090909091 0
1678146449358 0.001090909090909091 0
1678146449384 0.001090909090909091 0
1678146449393 0.001090909090909091 0
1678146449388 0.001090909090909091 0
1678146449418 0.001090909090909091 0
1678146449415 0.001090909090909091 0
1678146449424 0.001090909090909091 0
1678146449443 0.001090909090909091 0
1678146449588 0.001090909090909091 0
1678146449624 0.001090909090909091 0
1678146449630 0.001090909090909091 0
1678146449649 0.001090909090909091 0
1678146449651 0.001090909090909091 0
1678146449670 0.001090909090909091 0
1678146449691 0.001090909090909091 0
1678146449717 0.001090909090909091 0
1678146449748 0.001090909090909091 0
1678146449749 0.001090909090909091 0
1678146449756 0.001090909090909091 0
1678146449758 0.001090909090909091 0
1678146449771 0.001090909090909091 0
1678146449764 0.001090909090909091 0
1678146449822 0.001090909090909091 0
1678146449852 0.001090909090909091 0
1678146449848 0.001090909090909091 0
1678146449855 0.001090909090909091 0
1678146449878 0.001090909090909091 0
1678146449922 0.001090909090909091 0
1678146449940 0.001090909090909091 0
1678146449956 0.001090909090909091 0
1678146449961 0.001090909090909091 0
1678146450159 0.001090909090909091 0
1678146450206 0.001090909090909091 0
1678146450239 0.001090909090909091 0
1678146450370 0.001090909090909091 0
1678146450366 0.001090909090909091 0
1678146450406 0.001090909090909091 0
1678146450518 0.001090909090909091 0
1678146450559 0.001090909090909091 0
1678146450654 0.001090909090909091 0
1678146450727 0.001090909090909091 0
1678146450744 0.001090909090909091 0
1678146450827 0.001090909090909091 0
1678146450856 0.001090909090909091 0
1678146450847 0.001090909090909091 0
1678146451040 0.001090909090909091 0
1678146451076 0.001090909090909091 0
1678146451077 0.001090909090909091 0
1678146451176 0.001090909090909091 0
1678146451452 0.001090909090909091 0
1678146451641 0.001090909090909091 0
1678146451758 0.001090909090909091 0
1678146451943 0.001090909090909091 0
1678146452000 0.001090909090909091 0
1678146452318 0.001090909090909091 0
1678146452975 0.001090909090909091 0
1678146453715 0.001090909090909091 0
1678146454086 0.001090909090909091 0
1678146455600 0.001090909090909091 0
1678146463458 0.001090909090909091 0
1678146468475 0.001090909090909091 0
1678146491649 0.001090909090909091 0
1678146496087 0.001090909090909091 0
1678146517991 0.001090909090909091 0
1678146587352 0.001090909090909091 0
1678146749313 0.001090909090909091 0
1678146749376 0.001090909090909091 0
1678146749384 0.001090909090909091 0
1678146749465 0.001090909090909091 0
1678146749489 0.001090909090909091 0
1678146749536 0.001090909090909091 0
1678146749552 0.001090909090909091 0
1678146749582 0.001090909090909091 0
1678146749597 0.001090909090909091 0
1678146749600 0.001090909090909091 0
1678146749741 0.001090909090909091 0
1678146749739 0.001090909090909091 0
1678146749829 0.001090909090909091 0
1678146749885 0.001090909090909091 0
1678146749910 0.001090909090909091 0
1678146749929 0.001090909090909091 0
1678146749942 0.001090909090909091 0
1678146749963 0.001090909090909091 0
1678146749966 0.001090909090909091 0
1678146749983 0.001090909090909091 0
1678146749980 0.001090909090909091 0
1678146750002 0.001090909090909091 0
1678146750010 0.001090909090909091 0
1678146750029 0.001090909090909091 0
1678146750040 0.001090909090909091 0
1678146750049 0.001090909090909091 0
1678146750084 0.001090909090909091 0
1678146750087 0.001090909090909091 0
1678146750084 0.001090909090909091 0
1678146750096 0.001090909090909091 0
1678146750101 0.001090909090909091 0
1678146750121 0.001090909090909091 0
1678146750179 0.001090909090909091 0
1678146750185 0.001090909090909091 0
1678146750192 0.001090909090909091 0
1678146750196 0.001090909090909091 0
1678146750239 0.001090909090909091 0
1678146750245 0.001090909090909091 0
1678146750264 0.001090909090909091 0
1678146750301 0.001090909090909091 0
1678146750303 0.001090909090909091 0
1678146750535 0.001090909090909091 0
1678146750595 0.001090909090909091 0
1678146750659 0.001090909090909091 0
1678146750801 0.001090909090909091 0
1678146750839 0.001090909090909091 0
1678146750937 0.001090909090909091 0
1678146750998 0.001090909090909091 0
1678146751012 0.001090909090909091 0
1678146751041 0.001090909090909091 0
1678146751201 0.001090909090909091 0
1678146751243 0.001090909090909091 0
1678146751274 0.001090909090909091 0
1678146751318 0.001090909090909091 0
1678146751345 0.001090909090909091 0
1678146751701 0.001090909090909091 0
1678146751793 0.001090909090909091 0
1678146751863 0.001090909090909091 0
1678146752113 0.001090909090909091 0
1678146752283 0.001090909090909091 0
1678146752384 0.001090909090909091 0
1678146752498 0.001090909090909091 0
1678146752536 0.001090909090909091 0
1678146753089 0.001090909090909091 0
1678146753883 0.001090909090909091 0
1678146753913 0.001090909090909091 0
1678146753977 0.001090909090909091 0
1678146755230 0.001090909090909091 0
1678146755714 0.001090909090909091 0
1678146758033 0.001090909090909091 0
1678146768866 0.001090909090909091 0
1678146773283 0.001090909090909091 0
1678146776078 0.001090909090909091 0
1678146790242 0.001090909090909091 0
1678146798345 0.001090909090909091 0
1678147049991 0.001090909090909091 0
1678147049998 0.001090909090909091 0
1678147050041 0.001090909090909091 0
1678147050047 0.001090909090909091 0
1678147050060 0.001090909090909091 0
1678147050108 0.001090909090909091 0
1678147050124 0.001090909090909091 0
1678147050146 0.001090909090909091 0
1678147050147 0.001090909090909091 0
1678147050166 0.001090909090909091 0
1678147050165 0.001090909090909091 0
1678147050171 0.001090909090909091 0
1678147050196 0.001090909090909091 0
1678147050212 0.001090909090909091 0
1678147050226 0.001090909090909091 0
1678147050234 0.001090909090909091 0
1678147050240 0.001090909090909091 0
1678147050251 0.001090909090909091 0
1678147050255 0.001090909090909091 0
1678147050259 0.001090909090909091 0
1678147050263 0.001090909090909091 0
1678147050251 0.001090909090909091 0
1678147050270 0.001090909090909091 0
1678147050287 0.001090909090909091 0
1678147050338 0.001090909090909091 0
1678147050360 0.001090909090909091 0
1678147050368 0.001090909090909091 0
1678147050373 0.001090909090909091 0
1678147050388 0.001090909090909091 0
1678147050389 0.001090909090909091 0
1678147050431 0.001090909090909091 0
1678147050433 0.001090909090909091 0
1678147050453 0.001090909090909091 0
1678147050454 0.001090909090909091 0
1678147050471 0.001090909090909091 0
1678147050482 0.001090909090909091 0
1678147050538 0.001090909090909091 0
1678147050547 0.001090909090909091 0
1678147050581 0.001090909090909091 0
1678147050568 0.001090909090909091 0
1678147050590 0.001090909090909091 0
1678147050656 0.001090909090909091 0
1678147050682 0.001090909090909091 0
1678147050696 0.001090909090909091 0
1678147050753 0.001090909090909091 0
1678147050796 0.001090909090909091 0
1678147050826 0.001090909090909091 0
1678147050875 0.001090909090909091 0
1678147050953 0.001090909090909091 0
1678147051034 0.001090909090909091 0
1678147051081 0.001090909090909091 0
1678147051113 0.001090909090909091 0
1678147051225 0.001090909090909091 0
1678147051567 0.001090909090909091 0
1678147051597 0.001090909090909091 0
1678147051622 0.001090909090909091 0
1678147051632 0.001090909090909091 0
1678147051645 0.001090909090909091 0
1678147051687 0.001090909090909091 0
1678147051786 0.001090909090909091 0
1678147051885 0.001090909090909091 0
1678147052055 0.001090909090909091 0
1678147052059 0.001090909090909091 0
1678147052163 0.001090909090909091 0
1678147052307 0.001090909090909091 0
1678147052325 0.001090909090909091 0
1678147052326 0.001090909090909091 0
1678147052414 0.001090909090909091 0
1678147052646 0.001090909090909091 0
1678147053937 0.001090909090909091 0
1678147054102 0.001090909090909091 0
1678147054177 0.001090909090909091 0
1678147061069 0.001090909090909091 0
1678147061088 0.001090909090909091 0
1678147063353 0.001090909090909091 0
1678147078893 0.001090909090909091 0
1678147108233 0.001090909090909091 0
1678147115086 0.001090909090909091 0
1678147350555 0.001090909090909091 0
1678147350608 0.001090909090909091 0
1678147350620 0.001090909090909091 0
1678147350620 0.001090909090909091 0
1678147350622 0.001090909090909091 0
1678147350652 0.001090909090909091 0
1678147350657 0.001090909090909091 0
1678147350661 0.001090909090909091 0
1678147350661 0.001090909090909091 0
1678147350688 0.001090909090909091 0
1678147350689 0.001090909090909091 0
1678147350714 0.001090909090909091 0
1678147350728 0.001090909090909091 0
1678147350740 0.001090909090909091 0
1678147350778 0.001090909090909091 0
1678147350789 0.001090909090909091 0
1678147350793 0.001090909090909091 0
1678147350811 0.001090909090909091 0
1678147350829 0.001090909090909091 0
1678147350830 0.001090909090909091 0
1678147350842 0.001090909090909091 0
1678147350840 0.001090909090909091 0
1678147350856 0.001090909090909091 0
1678147350856 0.001090909090909091 0
1678147350857 0.001090909090909091 0
1678147350860 0.001090909090909091 0
1678147350874 0.001090909090909091 0
1678147350941 0.001090909090909091 0
1678147350998 0.001090909090909091 0
1678147350997 0.001090909090909091 0
1678147351003 0.001090909090909091 0
1678147351117 0.001090909090909091 0
1678147351149 0.001090909090909091 0
1678147351163 0.001090909090909091 0
1678147351247 0.001090909090909091 0
1678147351254 0.001090909090909091 0
1678147351246 0.001090909090909091 0
1678147351317 0.001090909090909091 0
1678147351331 0.001090909090909091 0
1678147351399 0.001090909090909091 0
1678147351411 0.001090909090909091 0
1678147351414 0.001090909090909091 0
1678147351437 0.001090909090909091 0
1678147351491 0.001090909090909091 0
1678147351661 0.001090909090909091 0
1678147351881 0.001090909090909091 0
1678147351911 0.001090909090909091 0
1678147351989 0.001090909090909091 0
1678147352122 0.001090909090909091 0
1678147352371 0.001090909090909091 0
1678147352403 0.001090909090909091 0
1678147352507 0.001090909090909091 0
1678147352586 0.001090909090909091 0
1678147352628 0.001090909090909091 0
1678147352718 0.001090909090909091 0
1678147352838 0.001090909090909091 0
1678147353222 0.001090909090909091 0
1678147353392 0.001090909090909091 0
1678147353409 0.001090909090909091 0
1678147353524 0.001090909090909091 0
1678147353767 0.001090909090909091 0
1678147354288 0.001090909090909091 0
1678147354577 0.001090909090909091 0
1678147355055 0.001090909090909091 0
1678147355114 0.001090909090909091 0
1678147355251 0.001090909090909091 0
1678147355262 0.001090909090909091 0
1678147355394 0.001090909090909091 0
1678147357395 0.001090909090909091 0
1678147363533 0.001090909090909091 0
1678147368322 0.001090909090909091 0
1678147371490 0.001090909090909091 0
1678147379337 0.001090909090909091 0
1678147382156 0.001090909090909091 0
1678147409345 0.001090909090909091 0
1678147650884 0.001090909090909091 0
1678147650902 0.001090909090909091 0
1678147650912 0.001090909090909091 0
1678147650918 0.001090909090909091 0
1678147650939 0.001090909090909091 0
1678147650945 0.001090909090909091 0
1678147650961 0.001090909090909091 0
1678147650990 0.001090909090909091 0
1678147651017 0.001090909090909091 0
1678147651021 0.001090909090909091 0
1678147651044 0.001090909090909091 0
1678147651049 0.001090909090909091 0
1678147651057 0.001090909090909091 0
1678147651059 0.001090909090909091 0
1678147651070 0.001090909090909091 0
1678147651133 0.001090909090909091 0
1678147651139 0.001090909090909091 0
1678147651162 0.001090909090909091 0
1678147651192 0.001090909090909091 0
1678147651209 0.001090909090909091 0
1678147651208 0.001090909090909091 0
1678147651214 0.001090909090909091 0
1678147651217 0.001090909090909091 0
1678147651211 0.001090909090909091 0
1678147651236 0.001090909090909091 0
1678147651250 0.001090909090909091 0
1678147651274 0.001090909090909091 0
1678147651376 0.001090909090909091 0
1678147651395 0.001090909090909091 0
1678147651399 0.001090909090909091 0
1678147651435 0.001090909090909091 0
1678147651436 0.001090909090909091 0
1678147651439 0.001090909090909091 0
1678147651458 0.001090909090909091 0
1678147651464 0.001090909090909091 0
1678147651553 0.001090909090909091 0
1678147651592 0.001090909090909091 0
1678147651680 0.001090909090909091 0
1678147651691 0.001090909090909091 0
1678147651765 0.001090909090909091 0
1678147651792 0.001090909090909091 0
1678147651800 0.001090909090909091 0
1678147651846 0.001090909090909091 0
1678147652017 0.001090909090909091 0
1678147652097 0.001090909090909091 0
1678147652125 0.001090909090909091 0
1678147652293 0.001090909090909091 0
1678147652315 0.001090909090909091 0
1678147652376 0.001090909090909091 0
1678147652384 0.001090909090909091 0
1678147652401 0.001090909090909091 0
1678147652431 0.001090909090909091 0
1678147652481 0.001090909090909091 0
1678147652489 0.001090909090909091 0
1678147652760 0.001090909090909091 0
1678147652942 0.001090909090909091 0
1678147652979 0.001090909090909091 0
1678147653364 0.001090909090909091 0
1678147653885 0.001090909090909091 0
1678147653976 0.001090909090909091 0
1678147654067 0.001090909090909091 0
1678147654913 0.001090909090909091 0
1678147655256 0.001090909090909091 0
1678147655257 0.001090909090909091 0
1678147655373 0.001090909090909091 0
1678147655470 0.001090909090909091 0
1678147656302 0.001090909090909091 0
1678147656342 0.001090909090909091 0
1678147665293 0.001090909090909091 0
1678147671871 0.001090909090909091 0
1678147682550 0.001090909090909091 0
1678147731569 0.001090909090909091 0
1678147833495 0.001090909090909091 0
1678147840076 0.001090909090909091 0
1678147951136 0.001090909090909091 0
1678147951196 0.001090909090909091 0
1678147951238 0.001090909090909091 0
1678147951273 0.001090909090909091 0
1678147951297 0.001090909090909091 0
1678147951308 0.001090909090909091 0
1678147951427 0.001090909090909091 0
1678147951416 0.001090909090909091 0
1678147951452 0.001090909090909091 0
1678147951460 0.001090909090909091 0
1678147951475 0.001090909090909091 0
1678147951485 0.001090909090909091 0
1678147951490 0.001090909090909091 0
1678147951487 0.001090909090909091 0
1678147951511 0.001090909090909091 0
1678147951514 0.001090909090909091 0
1678147951529 0.001090909090909091 0
1678147951534 0.001090909090909091 0
1678147951537 0.001090909090909091 0
1678147951580 0.001090909090909091 0
1678147951601 0.001090909090909091 0
1678147951635 0.001090909090909091 0
1678147951639 0.001090909090909091 0
1678147951671 0.001090909090909091 0
1678147951679 0.001090909090909091 0
1678147951682 0.001090909090909091 0
1678147951717 0.001090909090909091 0
1678147951743 0.001090909090909091 0
1678147951756 0.001090909090909091 0
1678147951791 0.001090909090909091 0
1678147951812 0.001090909090909091 0
1678147951811 0.001090909090909091 0
1678147951827 0.001090909090909091 0
1678147951870 0.001090909090909091 0
1678147951877 0.001090909090909091 0
1678147951895 0.001090909090909091 0
1678147951901 0.001090909090909091 0
1678147951914 0.001090909090909091 0
1678147951940 0.001090909090909091 0
1678147951961 0.001090909090909091 0
1678147951980 0.001090909090909091 0
1678147952019 0.001090909090909091 0
1678147952023 0.001090909090909091 0
1678147952028 0.001090909090909091 0
1678147952045 0.001090909090909091 0
1678147952049 0.001090909090909091 0
1678147952192 0.001090909090909091 0
1678147952254 0.001090909090909091 0
1678147952437 0.001090909090909091 0
1678147952510 0.001090909090909091 0
1678147952607 0.001090909090909091 0
1678147952609 0.001090909090909091 0
1678147952739 0.001090909090909091 0
1678147953059 0.001090909090909091 0
1678147953085 0.001090909090909091 0
1678147953101 0.001090909090909091 0
1678147953213 0.001090909090909091 0
1678147953339 0.001090909090909091 0
1678147953349 0.001090909090909091 0
1678147953389 0.001090909090909091 0
1678147953445 0.001090909090909091 0
1678147953555 0.001090909090909091 0
1678147953794 0.001090909090909091 0
1678147953818 0.001090909090909091 0
1678147953934 0.001090909090909091 0
1678147953938 0.001090909090909091 0
1678147954202 0.001090909090909091 0
1678147954541 0.001090909090909091 0
1678147955293 0.001090909090909091 0
1678147955715 0.001090909090909091 0
1678147956137 0.001090909090909091 0
1678147956155 0.001090909090909091 0
1678147958205 0.001090909090909091 0
1678147961529 0.001090909090909091 0
1678147961562 0.001090909090909091 0
1678147961848 0.001090909090909091 0
1678147964167 0.001090909090909091 0
1678147971520 0.001090909090909091 0
1678147971956 0.001090909090909091 0
1678148013905 0.001090909090909091 0
1678148022073 0.001090909090909091 0
1678148251751 0.001090909090909091 0
1678148251857 0.001090909090909091 0
1678148251880 0.001090909090909091 0
1678148251879 0.001090909090909091 0
1678148251883 0.001090909090909091 0
1678148251998 0.001090909090909091 0
1678148252002 0.001090909090909091 0
1678148252031 0.001090909090909091 0
1678148252038 0.001090909090909091 0
1678148252061 0.001090909090909091 0
1678148252078 0.001090909090909091 0
1678148252084 0.001090909090909091 0
1678148252160 0.001090909090909091 0
1678148252163 0.001090909090909091 0
1678148252172 0.001090909090909091 0
1678148252211 0.001090909090909091 0
1678148252217 0.001090909090909091 0
1678148252228 0.001090909090909091 0
1678148252237 0.001090909090909091 0
1678148252238 0.001090909090909091 0
1678148252240 0.001090909090909091 0
1678148252258 0.001090909090909091 0
1678148252262 0.001090909090909091 0
1678148252279 0.001090909090909091 0
1678148252298 0.001090909090909091 0
1678148252312 0.001090909090909091 0
1678148252429 0.001090909090909091 0
1678148252475 0.001090909090909091 0
1678148252506 0.001090909090909091 0
1678148252505 0.001090909090909091 0
1678148252528 0.001090909090909091 0
1678148252528 0.001090909090909091 0
1678148252599 0.001090909090909091 0
1678148252636 0.001090909090909091 0
1678148252646 0.001090909090909091 0
1678148252656 0.001090909090909091 0
1678148252721 0.001090909090909091 0
1678148252731 0.001090909090909091 0
1678148252875 0.001090909090909091 0
1678148252885 0.001090909090909091 0
1678148252882 0.001090909090909091 0
1678148252974 0.001090909090909091 0
1678148252985 0.001090909090909091 0
1678148253005 0.001090909090909091 0
1678148253157 0.001090909090909091 0
1678148253218 0.001090909090909091 0
1678148253356 0.001090909090909091 0
1678148253351 0.001090909090909091 0
1678148253398 0.001090909090909091 0
1678148253487 0.001090909090909091 0
1678148253561 0.001090909090909091 0
1678148253580 0.001090909090909091 0
1678148253661 0.001090909090909091 0
1678148253763 0.001090909090909091 0
1678148253779 0.001090909090909091 0
1678148254012 0.001090909090909091 0
1678148254028 0.001090909090909091 0
1678148254419 0.001090909090909091 0
1678148254474 0.001090909090909091 0
1678148254706 0.001090909090909091 0
1678148255294 0.001090909090909091 0
1678148255360 0.001090909090909091 0
1678148257898 0.001090909090909091 0
1678148260773 0.001090909090909091 0
1678148263969 0.001090909090909091 0
1678148268832 0.001090909090909091 0
1678148270750 0.001090909090909091 0
1678148278205 0.001090909090909091 0
1678148279449 0.001090909090909091 0
1678148279545 0.001090909090909091 0
1678148279684 0.001090909090909091 0
1678148279717 0.001090909090909091 0
1678148279770 0.001090909090909091 0
1678148280018 0.001090909090909091 0
1678148347012 0.001090909090909091 0
1678148410708 0.001090909090909091 0
1678148422876 0.001090909090909091 0
1678148551927 0.001090909090909091 0
1678148552074 0.001090909090909091 0
1678148552139 0.001090909090909091 0
1678148552147 0.001090909090909091 0
1678148552163 0.001090909090909091 0
1678148552181 0.001090909090909091 0
1678148552189 0.001090909090909091 0
1678148552231 0.001090909090909091 0
1678148552257 0.001090909090909091 0
1678148552287 0.001090909090909091 0
1678148552286 0.001090909090909091 0
1678148552299 0.001090909090909091 0
1678148552338 0.001090909090909091 0
1678148552339 0.001090909090909091 0
1678148552346 0.001090909090909091 0
1678148552347 0.001090909090909091 0
1678148552351 0.001090909090909091 0
1678148552360 0.001090909090909091 0
1678148552363 0.001090909090909091 0
1678148552362 0.001090909090909091 0
1678148552366 0.001090909090909091 0
1678148552376 0.001090909090909091 0
1678148552391 0.001090909090909091 0
1678148552412 0.001090909090909091 0
1678148552418 0.001090909090909091 0
1678148552464 0.001090909090909091 0
1678148552479 0.001090909090909091 0
1678148552518 0.001090909090909091 0
1678148552609 0.001090909090909091 0
1678148552706 0.001090909090909091 0
1678148552729 0.001090909090909091 0
1678148552758 0.001090909090909091 0
1678148552809 0.001090909090909091 0
1678148552819 0.001090909090909091 0
1678148552845 0.001090909090909091 0
1678148552907 0.001090909090909091 0
1678148552919 0.001090909090909091 0
1678148552930 0.001090909090909091 0
1678148552947 0.001090909090909091 0
1678148552950 0.001090909090909091 0
1678148552962 0.001090909090909091 0
1678148553019 0.001090909090909091 0
1678148553018 0.001090909090909091 0
1678148553019 0.001090909090909091 0
1678148553028 0.001090909090909091 0
1678148553041 0.001090909090909091 0
1678148553152 0.001090909090909091 0
1678148553224 0.001090909090909091 0
1678148553356 0.001090909090909091 0
1678148553448 0.001090909090909091 0
1678148553582 0.001090909090909091 0
1678148553638 0.001090909090909091 0
1678148553833 0.001090909090909091 0
1678148553859 0.001090909090909091 0
1678148553866 0.001090909090909091 0
1678148553852 0.001090909090909091 0
1678148553892 0.001090909090909091 0
1678148553911 0.001090909090909091 0
1678148554089 0.001090909090909091 0
1678148554127 0.001090909090909091 0
1678148554182 0.001090909090909091 0
1678148554234 0.001090909090909091 0
1678148554238 0.001090909090909091 0
1678148554248 0.001090909090909091 0
1678148554969 0.001090909090909091 0
1678148554969 0.001090909090909091 0
1678148555141 0.001090909090909091 0
1678148555145 0.001090909090909091 0
1678148555400 0.001090909090909091 0
1678148556474 0.001090909090909091 0
1678148557036 0.001090909090909091 0
1678148558146 0.001090909090909091 0
1678148558223 0.001090909090909091 0
1678148562611 0.001090909090909091 0
1678148568788 0.001090909090909091 0
1678148569869 0.001090909090909091 0
1678148613721 0.001090909090909091 0
1678148680774 0.001090909090909091 0
1678148725308 0.001090909090909091 0
1678148852308 0.001090909090909091 0
1678148852512 0.001090909090909091 0
1678148852520 0.001090909090909091 0
1678148852572 0.001090909090909091 0
1678148852610 0.001090909090909091 0
1678148852670 0.001090909090909091 0
1678148852681 0.001090909090909091 0
1678148852728 0.001090909090909091 0
1678148852806 0.001090909090909091 0
1678148852902 0.001090909090909091 0
1678148852923 0.001090909090909091 0
1678148852934 0.001090909090909091 0
1678148852936 0.001090909090909091 0
1678148852944 0.001090909090909091 0
1678148852950 0.001090909090909091 0
1678148852952 0.001090909090909091 0
1678148852951 0.001090909090909091 0
1678148852952 0.001090909090909091 0
1678148852959 0.001090909090909091 0
1678148852958 0.001090909090909091 0
1678148852999 0.001090909090909091 0
1678148853009 0.001090909090909091 0
1678148853039 0.001090909090909091 0
1678148853065 0.001090909090909091 0
1678148853081 0.001090909090909091 0
1678148853115 0.001090909090909091 0
1678148853125 0.001090909090909091 0
1678148853128 0.001090909090909091 0
1678148853175 0.001090909090909091 0
1678148853195 0.001090909090909091 0
1678148853242 0.001090909090909091 0
1678148853244 0.001090909090909091 0
1678148853259 0.001090909090909091 0
1678148853275 0.001090909090909091 0
1678148853278 0.001090909090909091 0
1678148853284 0.001090909090909091 0
1678148853287 0.001090909090909091 0
1678148853300 0.001090909090909091 0
1678148853302 0.001090909090909091 0
1678148853334 0.001090909090909091 0
1678148853369 0.001090909090909091 0
1678148853510 0.001090909090909091 0
1678148853518 0.001090909090909091 0
1678148853579 0.001090909090909091 0
1678148853638 0.001090909090909091 0
1678148853675 0.001090909090909091 0
1678148853755 0.001090909090909091 0
1678148853775 0.001090909090909091 0
1678148853884 0.001090909090909091 0
1678148853910 0.001090909090909091 0
1678148854016 0.001090909090909091 0
1678148854242 0.001090909090909091 0
1678148854257 0.001090909090909091 0
1678148854279 0.001090909090909091 0
1678148854291 0.001090909090909091 0
1678148854552 0.001090909090909091 0
1678148854556 0.001090909090909091 0
1678148854638 0.001090909090909091 0
1678148854674 0.001090909090909091 0
1678148855009 0.001090909090909091 0
1678148855031 0.001090909090909091 0
1678148855271 0.001090909090909091 0
1678148855359 0.001090909090909091 0
1678148855400 0.001090909090909091 0
1678148855476 0.001090909090909091 0
1678148855504 0.001090909090909091 0
1678148855613 0.001090909090909091 0
1678148855984 0.001090909090909091 0
1678148856759 0.001090909090909091 0
1678148857707 0.001090909090909091 0
1678148857909 0.001090909090909091 0
1678148866155 0.001090909090909091 0
1678148867877 0.001090909090909091 0
1678148888293 0.001090909090909091 0
1678148938864 0.001090909090909091 0
1678148945237 0.001090909090909091 0
1678149003443 0.001090909090909091 0
1678149021379 0.001090909090909091 0
1678149153077 0.001090909090909091 0
1678149153113 0.001090909090909091 0
1678149153149 0.001090909090909091 0
1678149153220 0.001090909090909091 0
1678149153241 0.001090909090909091 0
1678149153240 0.001090909090909091 0
1678149153254 0.001090909090909091 0
1678149153243 0.001090909090909091 0
1678149153284 0.001090909090909091 0
1678149153285 0.001090909090909091 0
1678149153288 0.001090909090909091 0
1678149153283 0.001090909090909091 0
1678149153297 0.001090909090909091 0
1678149153307 0.001090909090909091 0
1678149153314 0.001090909090909091 0
1678149153311 0.001090909090909091 0
1678149153319 0.001090909090909091 0
1678149153335 0.001090909090909091 0
1678149153352 0.001090909090909091 0
1678149153375 0.001090909090909091 0
1678149153402 0.001090909090909091 0
1678149153416 0.001090909090909091 0
1678149153426 0.001090909090909091 0
1678149153430 0.001090909090909091 0
1678149153457 0.001090909090909091 0
1678149153468 0.001090909090909091 0
1678149153519 0.001090909090909091 0
1678149153586 0.001090909090909091 0
1678149153644 0.001090909090909091 0
1678149153671 0.001090909090909091 0
1678149153697 0.001090909090909091 0
1678149153703 0.001090909090909091 0
1678149153725 0.001090909090909091 0
1678149153727 0.001090909090909091 0
1678149153752 0.001090909090909091 0
1678149153767 0.001090909090909091 0
1678149153779 0.001090909090909091 0
1678149153788 0.001090909090909091 0
1678149153798 0.001090909090909091 0
1678149153845 0.001090909090909091 0
1678149153854 0.001090909090909091 0
1678149153880 0.001090909090909091 0
1678149153958 0.001090909090909091 0
1678149153982 0.001090909090909091 0
1678149154046 0.001090909090909091 0
1678149154054 0.001090909090909091 0
1678149154073 0.001090909090909091 0
1678149154115 0.001090909090909091 0
1678149154121 0.001090909090909091 0
1678149154137 0.001090909090909091 0
1678149154313 0.001090909090909091 0
1678149154446 0.001090909090909091 0
1678149154464 0.001090909090909091 0
1678149154551 0.001090909090909091 0
1678149154605 0.001090909090909091 0
1678149154643 0.001090909090909091 0
1678149154645 0.001090909090909091 0
1678149154692 0.001090909090909091 0
1678149154703 0.001090909090909091 0
1678149154705 0.001090909090909091 0
1678149154746 0.001090909090909091 0
1678149155008 0.001090909090909091 0
1678149155067 0.001090909090909091 0
1678149155565 0.001090909090909091 0
1678149155746 0.001090909090909091 0
1678149156700 0.001090909090909091 0
1678149157274 0.001090909090909091 0
1678149157751 0.001090909090909091 0
1678149158044 0.001090909090909091 0
1678149158083 0.001090909090909091 0
1678149158753 0.001090909090909091 0
1678149159059 0.001090909090909091 0
1678149159259 0.001090909090909091 0
1678149159308 0.001090909090909091 0
1678149161405 0.001090909090909091 0
1678149168262 0.001090909090909091 0
1678149169747 0.001090909090909091 0
1678149213221 0.001090909090909091 0
1678149272890 0.001090909090909091 0
1678149276862 0.001090909090909091 0
1678149343447 0.001090909090909091 0
1678149453626 0.001090909090909091 0
1678149453776 0.001090909090909091 0
1678149453887 0.001090909090909091 0
1678149454564 0.001090909090909091 0
1678149454686 0.001090909090909091 0
1678149454743 0.001090909090909091 0
1678149454837 0.001090909090909091 0
1678149454866 0.001090909090909091 0
1678149454920 0.001090909090909091 0
1678149454921 0.001090909090909091 0
1678149454941 0.001090909090909091 0
1678149455018 0.001090909090909091 0
1678149455082 0.001090909090909091 0
1678149455124 0.001090909090909091 0
1678149455147 0.001090909090909091 0
1678149455160 0.001090909090909091 0
1678149455174 0.001090909090909091 0
1678149455186 0.001090909090909091 0
1678149455225 0.001090909090909091 0
1678149455250 0.001090909090909091 0
1678149455337 0.001090909090909091 0
1678149455359 0.001090909090909091 0
1678149455381 0.001090909090909091 0
1678149455425 0.001090909090909091 0
1678149455454 0.001090909090909091 0
1678149455468 0.001090909090909091 0
1678149455508 0.001090909090909091 0
1678149455502 0.001090909090909091 0
1678149455529 0.001090909090909091 0
1678149455569 0.001090909090909091 0
1678149455577 0.001090909090909091 0
1678149455616 0.001090909090909091 0
1678149455621 0.001090909090909091 0
1678149455626 0.001090909090909091 0
1678149455626 0.001090909090909091 0
1678149455613 0.001090909090909091 0
1678149455680 0.001090909090909091 0
1678149455691 0.001090909090909091 0
1678149455696 0.001090909090909091 0
1678149455757 0.001090909090909091 0
1678149455821 0.001090909090909091 0
1678149455822 0.001090909090909091 0
1678149455829 0.001090909090909091 0
1678149455912 0.001090909090909091 0
1678149455953 0.001090909090909091 0
1678149455954 0.001090909090909091 0
1678149455984 0.001090909090909091 0
1678149456062 0.001090909090909091 0
1678149456099 0.001090909090909091 0
1678149456116 0.001090909090909091 0
1678149456250 0.001090909090909091 0
1678149456264 0.001090909090909091 0
1678149456268 0.001090909090909091 0
1678149456315 0.001090909090909091 0
1678149456335 0.001090909090909091 0
1678149456423 0.001090909090909091 0
1678149456473 0.001090909090909091 0
1678149456558 0.001090909090909091 0
1678149456849 0.001090909090909091 0
1678149456914 0.001090909090909091 0
1678149456990 0.001090909090909091 0
1678149457130 0.001090909090909091 0
1678149457234 0.001090909090909091 0
1678149457278 0.001090909090909091 0
1678149457574 0.001090909090909091 0
1678149457670 0.001090909090909091 0
1678149457814 0.001090909090909091 0
1678149458578 0.001090909090909091 0
1678149459374 0.001090909090909091 0
1678149459811 0.001090909090909091 0
1678149460002 0.001090909090909091 0
1678149461184 0.001090909090909091 0
1678149462677 0.001090909090909091 0
1678149470564 0.001090909090909091 0
1678149488877 0.001090909090909091 0
1678149562957 0.001090909090909091 0
1678149571203 0.001090909090909091 0
1678149617102 0.001090909090909091 0
1678149754398 0.001090909090909091 0
1678149754438 0.001090909090909091 0
1678149754564 0.001090909090909091 0
1678149754734 0.001090909090909091 0
1678149754756 0.001090909090909091 0
1678149754798 0.001090909090909091 0
1678149754858 0.001090909090909091 0
1678149754966 0.001090909090909091 0
1678149755041 0.001090909090909091 0
1678149755125 0.001090909090909091 0
1678149755125 0.001090909090909091 0
1678149755180 0.001090909090909091 0
1678149755182 0.001090909090909091 0
1678149755187 0.001090909090909091 0
1678149755200 0.001090909090909091 0
1678149755196 0.001090909090909091 0
1678149755210 0.001090909090909091 0
1678149755207 0.001090909090909091 0
1678149755245 0.001090909090909091 0
1678149755267 0.001090909090909091 0
1678149755320 0.001090909090909091 0
1678149755328 0.001090909090909091 0
1678149755377 0.001090909090909091 0
1678149755384 0.001090909090909091 0
1678149755405 0.001090909090909091 0
1678149755418 0.001090909090909091 0
1678149755418 0.001090909090909091 0
1678149755420 0.001090909090909091 0
1678149755421 0.001090909090909091 0
1678149755477 0.001090909090909091 0
1678149755503 0.001090909090909091 0
1678149755516 0.001090909090909091 0
1678149755520 0.001090909090909091 0
1678149755517 0.001090909090909091 0
1678149755584 0.001090909090909091 0
1678149755692 0.001090909090909091 0
1678149755694 0.001090909090909091 0
1678149755695 0.001090909090909091 0
1678149755755 0.001090909090909091 0
1678149755765 0.001090909090909091 0
1678149755789 0.001090909090909091 0
1678149755802 0.001090909090909091 0
1678149755804 0.001090909090909091 0
1678149755824 0.001090909090909091 0
1678149755825 0.001090909090909091 0
1678149755838 0.001090909090909091 0
1678149755864 0.001090909090909091 0
1678149755964 0.001090909090909091 0
1678149755998 0.001090909090909091 0
1678149755998 0.001090909090909091 0
1678149756021 0.001090909090909091 0
1678149756069 0.001090909090909091 0
1678149756136 0.001090909090909091 0
1678149756129 0.001090909090909091 0
1678149756308 0.001090909090909091 0
1678149756338 0.001090909090909091 0
1678149756516 0.001090909090909091 0
1678149756615 0.001090909090909091 0
1678149756688 0.001090909090909091 0
1678149756779 0.001090909090909091 0
1678149756853 0.001090909090909091 0
1678149756891 0.001090909090909091 0
1678149756934 0.001090909090909091 0
1678149757081 0.001090909090909091 0
1678149757112 0.001090909090909091 0
1678149757135 0.001090909090909091 0
1678149757285 0.001090909090909091 0
1678149757461 0.001090909090909091 0
1678149757706 0.001090909090909091 0
1678149757775 0.001090909090909091 0
1678149758008 0.001090909090909091 0
1678149758614 0.001090909090909091 0
1678149758703 0.001090909090909091 0
1678149758910 0.001090909090909091 0
1678149758994 0.001090909090909091 0
1678149759191 0.001090909090909091 0
1678149759537 0.001090909090909091 0
1678149760202 0.001090909090909091 0
1678149760530 0.001090909090909091 0
1678149760753 0.001090909090909091 0
1678149761754 0.001090909090909091 0
1678149768849 0.001090909090909091 0
1678149824969 0.001090909090909091 0
1678149937886 0.001090909090909091 0
1678150036769 0.001090909090909091 0
1678150055613 0.001090909090909091 0
1678150055721 0.001090909090909091 0
1678150055778 0.001090909090909091 0
1678150055784 0.001090909090909091 0
1678150055785 0.001090909090909091 0
1678150055801 0.001090909090909091 0
1678150055814 0.001090909090909091 0
1678150055816 0.001090909090909091 0
1678150055807 0.001090909090909091 0
1678150055817 0.001090909090909091 0
1678150055821 0.001090909090909091 0
1678150055873 0.001090909090909091 0
1678150055875 0.001090909090909091 0
1678150055881 0.001090909090909091 0
1678150055900 0.001090909090909091 0
1678150055918 0.001090909090909091 0
1678150055918 0.001090909090909091 0
1678150055951 0.001090909090909091 0
1678150055960 0.001090909090909091 0
1678150055961 0.001090909090909091 0
1678150055966 0.001090909090909091 0
1678150055973 0.001090909090909091 0
1678150055992 0.001090909090909091 0
1678150056020 0.001090909090909091 0
1678150056070 0.001090909090909091 0
1678150056087 0.001090909090909091 0
1678150056145 0.001090909090909091 0
1678150056156 0.001090909090909091 0
1678150056165 0.001090909090909091 0
1678150056175 0.001090909090909091 0
1678150056169 0.001090909090909091 0
1678150056187 0.001090909090909091 0
1678150056219 0.001090909090909091 0
1678150056308 0.001090909090909091 0
1678150056343 0.001090909090909091 0
1678150056367 0.001090909090909091 0
1678150056368 0.001090909090909091 0
1678150056368 0.001090909090909091 0
1678150056373 0.001090909090909091 0
1678150056397 0.001090909090909091 0
1678150056423 0.001090909090909091 0
1678150056448 0.001090909090909091 0
1678150056458 0.001090909090909091 0
1678150056484 0.001090909090909091 0
1678150056492 0.001090909090909091 0
1678150056507 0.001090909090909091 0
1678150056524 0.001090909090909091 0
1678150056532 0.001090909090909091 0
1678150056540 0.001090909090909091 0
1678150056731 0.001090909090909091 0
1678150056819 0.001090909090909091 0
1678150056834 0.001090909090909091 0
1678150056882 0.001090909090909091 0
1678150056955 0.001090909090909091 0
1678150057019 0.001090909090909091 0
1678150057143 0.001090909090909091 0
1678150057285 0.001090909090909091 0
1678150057365 0.001090909090909091 0
1678150057455 0.001090909090909091 0
1678150057577 0.001090909090909091 0
1678150057694 0.001090909090909091 0
1678150057703 0.001090909090909091 0
1678150057703 0.001090909090909091 0
1678150057881 0.001090909090909091 0
1678150057895 0.001090909090909091 0
1678150057909 0.001090909090909091 0
1678150058324 0.001090909090909091 0
1678150058389 0.001090909090909091 0
1678150058413 0.001090909090909091 0
1678150058549 0.001090909090909091 0
1678150058943 0.001090909090909091 0
1678150059977 0.001090909090909091 0
1678150060007 0.001090909090909091 0
1678150061348 0.001090909090909091 0
1678150061351 0.001090909090909091 0
1678150061556 0.001090909090909091 0
1678150061599 0.001090909090909091 0
1678150062039 0.001090909090909091 0
1678150066040 0.001090909090909091 0
1678150067795 0.001090909090909091 0
1678150074369 0.001090909090909091 0
1678150123669 0.001090909090909091 0
1678150239449 0.001090909090909091 0
1678150262392 0.001090909090909091 0
1678150355896 0.001090909090909091 0
1678150356156 0.001090909090909091 0
1678150356157 0.001090909090909091 0
1678150356281 0.001090909090909091 0
1678150357167 0.001090909090909091 0
1678150357513 0.001090909090909091 0
1678150358588 0.001090909090909091 0
1678150360625 0.001090909090909091 0
1678150398245 0.001090909090909091 0
1678150497872 0.001090909090909091 0
1678150605820 0.001090909090909091 0
